data/closos/closos_1.grd
DSAA
101 201
0 10
0 20
-24.91945 81.152
[rows 25 to 49 of 201, columns 0 to 56 of 101]
-3.175 -1.732 -0.289 0.3465 0.1745 0.0024999999999999 0.4725 0.9425 1.4715 2.0595 2.6475 3.8285 5.0095 5.884 6.452 7.02 7.5045 7.989 7.443 5.8665 4.29 3.099 1.908 1.40625 1.59375 1.78125 1.7085 1.63575 1.7275 1.98375 2.24 2.4785 2.717 2.963 3.2165 3.47 3.38825 3.3065 2.9315 2.26325 1.595 1.07175 0.5485 0.103 -0.26475 -0.6325 -1.21225 -1.792 -2.243 -2.56525 -2.8875 -2.77275 -2.658 -2.5185 -2.35425 -2.19 -2.0645
-1.674 -0.76179 0.15042 0.57737 0.51906 0.46075 0.54932 0.63789 0.8681 1.23995 1.6118 2.53043 3.44906 4.40001 5.38328 6.36655 6.55423 6.74191 6.19976 4.92778 3.6558 2.55437 1.45294 0.99803 1.18964 1.38125 1.40185 1.42245 1.5257 1.7116 1.8975 2.17119 2.44488 2.81267 3.27456 3.73645 3.62737 3.51829 3.07732 2.30446 1.5316 1.01348 0.49536 0.086410000000001 -0.21337 -0.51315 -1.02087 -1.52859 -1.90096 -2.13798 -2.375 -2.09978 -1.82456 -1.4933 -1.106 -0.7187 -0.59036
-0.434 -0.059599999999999 0.3148 0.48856 0.46168 0.4348 0.38071 0.32662 0.38188 0.54649 0.7111 1.558835 2.40657 3.390725 4.5113 5.631875 5.40299 5.174105 4.57711 3.612005 2.6469 1.74328 0.83966 0.492055 0.700465 0.908875 1.084835 1.260795 1.44168 1.62749 1.8133 2.070385 2.32747 2.702135 3.19438 3.686625 3.574725 3.462825 3.01458 2.22999 1.4454 0.936625 0.42785 0.048175 -0.2024 -0.452975 -0.85379 -1.254605 -1.52016 -1.650455 -1.78075 -1.39282 -1.00489 -0.53603499999999 0.013745000000004 0.563525 0.695425
0.485 0.383015 0.28103 0.191205 0.11354 0.035874999999998 0.015089999999999 -0.0056950000000009 -0.042150000000001 -0.094275000000002 -0.1464 0.75971 1.66582 2.58163 3.50714 4.43265 3.967605 3.50256 2.91703 2.211015 1.505 0.802135 0.099269999999996 -0.12293 0.135535 0.394 0.68587 0.97774 1.26864 1.55857 1.8485 2.080535 2.31257 2.614 2.984825 3.35565 3.251365 3.14708 2.73775 2.023375 1.309 0.819045 0.32909 -0.021035 -0.23133 -0.441625 -0.702085 -0.962545 -1.09647 -1.10386 -1.11125 -0.647725 -0.1842 0.36729500000001 1.00676 1.646225 1.77321
1.053 0.54366 0.034319999999999 -0.29642 -0.44856 -0.6007 -0.46964 -0.33858 -0.4199 -0.7136 -1.0073 -0.0093800000000022 0.98854 1.74004 2.24512 2.7502 2.35396 1.95772 1.50272 0.98896 0.4752 -0.091400000000003 -0.658 -0.76829 -0.42227 -0.07625 0.24422 0.56469 0.95568 1.41719 1.8787 2.11603 2.35336 2.54606 2.69413 2.8422 2.74142 2.64064 2.29688 1.71014 1.1234 0.66815 0.2129 -0.098550000000001 -0.2662 -0.43385 -0.54059 -0.64733 -0.64046 -0.51998 -0.3995 0.11922000000001 0.63794 1.22502 1.88046 2.5359 2.64215
1.27 0.3691 -0.5318 -1.0489 -1.1822 -1.3155 -0.9661 -0.6167 -0.7282 -1.3006 -1.873 -0.8793 0.1144 0.6751 0.8028 0.9305 0.857 0.7835 0.5586 0.1823 -0.194 -0.7184 -1.2428 -1.2755 -0.8165 -0.3575 -0.09 0.1775 0.6078 1.2009 1.794 2.1012 2.4084 2.5113 2.4099 2.3085 2.1921 2.0757 1.7976 1.3578 0.918 0.5209 0.1238 -0.1297 -0.2396 -0.3495 -0.3279 -0.3063 -0.1774 0.058800000000001 0.295 0.8713 1.4476 2.0398 2.6479 3.256 3.3202
1.074 -0.35613 -1.78626 -2.44613 -2.33574 -2.22535 -1.66927 -1.11319 -1.19074 -1.90192 -2.6131 -1.97221 -1.33132 -0.92238 -0.74539 -0.5684 -0.43565 -0.3029 -0.26878 -0.33329 -0.3978 -0.93953 -1.48126 -1.52525 -1.0715 -0.61775 -0.44235 -0.26695 0.095660000000001 0.64548 1.1953 1.45354 1.71178 1.73846 1.53358 1.3287 1.27337 1.21804 1.06622 0.81791 0.5696 0.23848 -0.092640000000001 -0.31254 -0.42122 -0.5299 -0.42898 -0.32806 -0.11128 0.22136 0.554 1.16081 1.76762 2.32421 2.83058 3.33695 3.31979
0.5855 -1.3528 -3.2911 -4.04019 -3.60007 -3.15995 -2.40601 -1.65207 -1.66012 -2.43016 -3.2002 -2.91887 -2.63754 -2.37568 -2.13329 -1.8909 -1.671915 -1.45293 -1.17959 -0.851895 -0.5242 -1.05941 -1.59462 -1.70318 -1.38509 -1.067 -1.009935 -0.95287 -0.67352 -0.171885 0.32975 0.494075 0.6584 0.63874 0.435095 0.23145 0.31972 0.40799 0.41764 0.34867 0.2797 -0.012260000000002 -0.30422 -0.50555 -0.61625 -0.72695 -0.567365 -0.40778 -0.13084 0.263455 0.65775 1.253445 1.84914 2.342085 2.73228 3.122475 3.03372
-0.222 -2.445585 -4.66917 -5.41446 -4.681455 -3.94845 -3.052355 -2.15626 -2.09252 -2.861135 -3.62975 -3.58705 -3.54435 -3.46502 -3.34906 -3.2331 -2.921865 -2.61063 -2.11117 -1.423485 -0.7358 -1.20227 -1.66874 -1.85273 -1.75424 -1.65575 -1.72737 -1.79899 -1.61488 -1.17504 -0.7352 -0.655595 -0.57599 -0.60928 -0.755465 -0.90165 -0.61969 -0.33773 -0.14692 -0.04726 0.052399999999999 -0.215485 -0.48337 -0.648805 -0.71179 -0.774775 -0.544525 -0.314275 -6.9999999996379E-005 0.39809 0.79625 1.335865 1.87548 2.28688 2.570065 2.85325 2.700425
-1.433 -3.58151 -5.73002 -6.34694 -5.43227 -4.5176 -3.54193 -2.56626 -2.45368 -3.20419 -3.9547 -3.99742 -4.04014 -4.18295 -4.42585 -4.66875 -4.18551 -3.70227 -2.99528 -2.06454 -1.1338 -1.44957 -1.76534 -1.97808 -2.08779 -2.1975 -2.39395 -2.5904 -2.52886 -2.20933 -1.8898 -1.88419 -1.87858 -1.90483 -1.96294 -2.02105 -1.53543 -1.04981 -0.68028 -0.42684 -0.1734 -0.39989 -0.62638 -0.71142 -0.65501 -0.5986 -0.26983 0.058940000000003 0.39916 0.75083 1.1025 1.5372 1.9719 2.29008 2.49174 2.6934 2.49878
-3.19 -4.82995 -6.4699 -6.81025 -5.851 -4.89175 -3.86595 -2.84015 -2.7189 -3.5022 -4.2855 -4.32355 -4.3616 -4.73435 -5.4418 -6.14925 -5.3928 -4.63635 -3.7581 -2.75805 -1.758 -1.84 -1.922 -2.04415 -2.20645 -2.36875 -2.67365 -2.97855 -3.1012 -3.0416 -2.982 -3.09075 -3.1995 -3.22495 -3.1671 -3.10925 -2.4578 -1.80635 -1.2893 -0.90665 -0.524 -0.6387 -0.7534 -0.69155 -0.45315 -0.21475 0.23945 0.69365 1.0671 1.3598 1.6525 1.92905 2.2056 2.4212 2.57585 2.7305 2.5481
-5.244 -6.17532 -7.10664 -7.08891 -6.12213 -5.15535 -4.05278 -2.95021 -2.83928 -3.71999 -4.6007 -4.55122 -4.50174 -4.97393 -5.96779 -6.96165 -6.01866 -5.07567 -4.16194 -3.27747 -2.393 -2.22272 -2.05244 -1.94879 -1.91177 -1.87475 -2.2185 -2.56225 -2.85946 -3.11013 -3.3608 -3.68021 -3.99962 -4.09348 -3.96179 -3.8301 -3.18376 -2.53742 -2.02996 -1.66138 -1.2928 -1.19845 -1.1041 -0.85675 -0.4564 -0.056049999999999 0.49109 1.03823 1.44284 1.70492 1.967 2.12629 2.28558 2.45698 2.64049 2.824 2.69063
-6.773 -7.215065 -7.65713 -7.38983 -6.413165 -5.4365 -4.33222 -3.22794 -3.09745 -3.94075 -4.78405 -4.78573 -4.78741 -5.26703 -6.22459 -7.18215 -6.15315 -5.12415 -4.27376 -3.60198 -2.9302 -2.558235 -2.18627 -1.87008 -1.609665 -1.34925 -1.67086 -1.99247 -2.37121 -2.80708 -3.24295 -3.725455 -4.20796 -4.36117 -4.185085 -4.009 -3.427275 -2.84555 -2.40045 -2.091975 -1.7835 -1.63223 -1.48096 -1.183845 -0.740885 -0.297925 0.33815 0.974225 1.41946 1.673855 1.92825 2.02029 2.11233 2.26332 2.47326 2.6832 2.59073
-7.7525 -7.9397 -8.1269 -7.733555 -6.759665 -5.785775 -4.74655 -3.707325 -3.52792 -4.208335 -4.88875 -5.04955 -5.21035 -5.619285 -6.276355 -6.933425 -5.893115 -4.852805 -4.12982 -3.72416 -3.3185 -2.82229 -2.32608 -1.878055 -1.478215 -1.078375 -1.38696 -1.695545 -2.09467 -2.584335 -3.074 -3.62636 -4.17872 -4.31866 -4.04618 -3.7737 -3.23717 -2.70064 -2.31404 -2.07737 -1.8407 -1.804555 -1.76841 -1.563355 -1.18939 -0.815425 -0.097989999999996 0.619445 1.10623 1.362365 1.6185 1.664495 1.71049 1.844945 2.06786 2.290775 2.266425
-8.329 -8.41324 -8.49748 -8.07347 -7.14121 -6.20895 -5.26289 -4.31683 -4.06628 -4.51124 -4.9562 -5.29267 -5.62914 -5.90757 -6.12796 -6.34835 -5.34467 -4.34099 -3.77508 -3.64694 -3.5188 -2.97407 -2.42934 -1.96043 -1.56734 -1.17425 -1.51865 -1.86305 -2.25598 -2.69744 -3.1389 -3.65367 -4.16844 -4.19683 -3.73884 -3.28085 -2.72611 -2.17137 -1.80448 -1.62544 -1.4464 -1.65048 -1.85456 -1.84746 -1.62918 -1.4109 -0.64511999999999 0.12066000000001 0.63064000000001 0.88482 1.139 1.14941 1.15982 1.27955 1.5086 1.73765 1.82932
-8.82 -8.7732 -8.7264 -8.2958 -7.4814 -6.667 -5.7732 -4.8794 -4.5492 -4.7826 -5.016 -5.3926 -5.7692 -5.88 -5.725 -5.57 -4.6232 -3.6764 -3.2632 -3.3836 -3.504 -2.9562 -2.4084 -2.0226 -1.7988 -1.575 -2.0134 -2.4518 -2.8492 -3.2056 -3.562 -3.949 -4.336 -4.1668 -3.4414 -2.716 -2.0706 -1.4252 -1.026 -0.873 -0.72 -1.1756 -1.6312 -1.85 -1.832 -1.814 -1.0802 -0.34639999999999 0.13840000000001 0.3742 0.61 0.6026 0.5952 0.7178 0.9704 1.223 1.4846
-9.702 -9.32955 -8.9571 -8.4317 -7.75335 -7.075 -6.17141 -5.26782 -4.88054 -5.00957 -5.1386 -5.30041 -5.46222 -5.42866 -5.19973 -4.9708 -4.07383 -3.17686 -2.88078 -3.18559 -3.4904 -2.95123 -2.41206 -2.17708 -2.24629 -2.3155 -2.79603 -3.27656 -3.6791 -4.00365 -4.3282 -4.44355 -4.5589 -4.16203 -3.25294 -2.34385 -1.62191 -0.89997 -0.45968 -0.30104 -0.1424 -0.72298 -1.30356 -1.64638 -1.75144 -1.8565 -1.22641 -0.59632 -0.18692 0.0017899999999997 0.1905 0.16603 0.14156 0.27013 0.55174 0.83335 1.23176
-10.407 -9.78729 -9.16758 -8.480135 -7.724955 -6.969775 -6.189385 -5.408995 -5.04805 -5.10655 -5.16505 -5.15968 -5.15431 -5.01362 -4.73761 -4.4616 -3.628455 -2.79531 -2.58365 -2.993475 -3.4033 -2.913275 -2.42325 -2.342765 -2.67182 -3.000875 -3.51485 -4.028825 -4.41525 -4.674125 -4.933 -4.773415 -4.61383 -4.05229 -3.088795 -2.1253 -1.377805 -0.63031 -0.16729 0.011255000000001 0.1898 -0.401655 -0.99311 -1.36692 -1.523085 -1.67925 -1.134825 -0.5904 -0.2459 -0.101325 0.04325 -0.015 -0.07325 0.041775000000002 0.330075 0.618375 1.064825
-10.708 -10.00171 -9.29542 -8.432665 -7.413445 -6.394225 -5.88995 -5.385675 -5.1065 -5.052425 -4.99835 -4.97121 -4.94407 -4.741615 -4.363845 -3.986075 -3.267635 -2.549195 -2.40678 -2.84039 -3.274 -2.862255 -2.45051 -2.517585 -3.06348 -3.609375 -4.177075 -4.744775 -5.10812 -5.26711 -5.4261 -5.020815 -4.61553 -3.936405 -2.98344 -2.030475 -1.28396 -0.537445 -0.053449999999999 0.168025 0.3895 -0.137325 -0.66415 -1.00998 -1.174815 -1.33965 -0.869565 -0.39948 -0.11275 -0.0093749999999999 0.093999999999999 0.0017699999999989 -0.09046 -0.010934999999998 0.240345 0.491625 0.88868
-10.618 -9.95617 -9.29434 -8.27759 -6.90592 -5.53425 -5.41966 -5.30507 -5.12326 -4.87423 -4.6252 -4.75157 -4.87794 -4.6733 -4.13765 -3.602 -3.05051 -2.49902 -2.4149 -2.79815 -3.1814 -2.86786 -2.55432 -2.75479 -3.46927 -4.18375 -4.81098 -5.43821 -5.77552 -5.82291 -5.8703 -5.26151 -4.65272 -3.88455 -2.957 -2.02945 -1.28772 -0.54599 -0.037139999999999 0.23883 0.5148 0.10110999999999 -0.31258000000001 -0.59531000000001 -0.74708 -0.89885 -0.52154 -0.14423 0.071640000000002 0.12607 0.1805 0.069439999999999 -0.041620000000001 -0.01813 0.13991 0.29795 0.55564
-10.39 -9.7621 -9.1342 -7.99995 -6.35935 -4.71875 -5.0088 -5.29885 -5.1783 -4.64715 -4.116 -4.5331 -4.9502 -4.82325 -4.15225 -3.48125 -3.1148 -2.74835 -2.7025 -2.97725 -3.252 -3.04955 -2.8471 -3.16295 -3.9971 -4.83125 -5.4659 -6.10055 -6.4026 -6.37205 -6.3415 -5.5648 -4.7881 -3.93825 -3.01525 -2.09225 -1.3381 -0.58395 -0.051699999999999 0.25865 0.569 0.30155 0.034099999999996 -0.16405 -0.2929 -0.42175 -0.20845 0.0048500000000004 0.0997 0.076100000000001 0.052500000000001 -0.04805 -0.1486 -0.1964 -0.19145 -0.1865 -0.13455
-10.404 -9.6474 -8.8908 -7.65635 -5.94405 -4.23175 -4.73909 -5.24643 -5.15798 -4.47374 -3.7895 -4.4242 -5.0589 -5.09284 -4.52602 -3.9592 -3.64576 -3.33232 -3.22192 -3.31456 -3.4072 -3.34183 -3.27646 -3.67372 -4.53361 -5.3935 -6.02494 -6.65638 -6.95294 -6.91462 -6.8763 -5.97891 -5.08152 -4.13499 -3.13932 -2.14365 -1.36429 -0.58493 -0.054159999999999 0.22802 0.5102 0.40745 0.3047 0.18882 0.05981 -0.0692 -0.06752 -0.065840000000001 -0.1169 -0.2207 -0.3245 -0.45186 -0.57922 -0.71619 -0.86277 -1.00935 -1.0613
-10.6205 -9.69308 -8.76566 -7.453015 -5.755145 -4.057275 -4.523425 -4.989575 -4.90348 -4.26514 -3.6268 -4.32088 -5.01496 -5.219375 -4.934125 -4.648875 -4.293675 -3.938475 -3.69796 -3.57213 -3.4463 -3.533985 -3.62167 -4.108935 -4.99578 -5.882625 -6.483405 -7.084185 -7.36036 -7.31193 -7.2635 -6.341 -5.4185 -4.416645 -3.335435 -2.254225 -1.445785 -0.637345 -0.10666 0.14627 0.3992 0.39257 0.38594 0.307285 0.156605 0.005924999999999 -0.138135 -0.282195 -0.42638 -0.57069 -0.715 -0.874795 -1.03459 -1.218385 -1.42618 -1.633975 -1.68583
-11.042 -9.921725 -8.80145 -7.43218 -5.813915 -4.19565 -4.387455 -4.57926 -4.43937 -3.967785 -3.4962 -4.188395 -4.88059 -5.25438 -5.309765 -5.36515 -4.973455 -4.58176 -4.19189 -3.803845 -3.4158 -3.638695 -3.86159 -4.439605 -5.37274 -6.305875 -6.83747 -7.369065 -7.59532 -7.516235 -7.43715 -6.552285 -5.66742 -4.658415 -3.52527 -2.392125 -1.5702 -0.748275 -0.22029 0.013755 0.2478 0.27165 0.2955 0.223975 0.057074999999998 -0.109825 -0.336745 -0.563665 -0.75755 -0.9184 -1.07925 -1.231835 -1.38442 -1.55597 -1.746485 -1.937 -1.97146
-11.539 -10.25707 -8.97514 -7.57959 -6.07042 -4.56125 -4.33259 -4.10393 -3.8519 -3.5765 -3.3011 -4.02121 -4.74132 -5.2756 -5.62405 -5.9725 -5.61646 -5.26042 -4.73548 -4.04164 -3.3478 -3.65924 -3.97068 -4.62287 -5.61581 -6.60875 -7.05319 -7.49763 -7.65594 -7.52812 -7.4003 -6.56702 -5.73374 -4.75108 -3.61904 -2.487 -1.6856 -0.8842 -0.36848 -0.13844 0.0916 0.0989 0.1062 0.02541 -0.14347 -0.31235 -0.57215 -0.83195 -1.04118 -1.19984 -1.3585 -1.44743 -1.53636 -1.64258 -1.76609 -1.8896 -1.94275
