data/closos/closos_2.grd
DSAA
121 241
0 30
0 30
-21.799052083333 41.62625
[rows 207 to 229 of 241, columns 0 to 51 of 121]
1.235 0.010291666666667 -1.4903645833333 -1.896484375 -5.0424791666667 -3.0333072916667 -3.79921875 -4.4947135416667 -5.3499166666667 0.710171875 3.1094791666667 2.6216875 7.2153125 -0.28908854166668 -5.0394479166667 -4.413203125 -12.059541666667 -2.1516458333333 -4.449125 -5.3196302083333 -11.493125 -16.229265625 -18.050104166667 -14.39671875 -12.374625 -8.6908854166667 -6.6099375 -5.026515625 -4.337 2.78309375 7.0671875 8.3686666666667 2.522 -1.1669375 1.8260104166667 2.1109375 0.34825 -4.9490208333334 -8.4785104166667 -10.68328125 -12.983333333333 -11.590182291667 -8.1196875 -7.1935729166667 -11.3700625 -10.353984375 -6.9512083333333 -2.853984375 -1.379375 -0.49176041666666 -0.023489583333333 0.48125000000001
0.44 -0.25416666666667 -3.8786666666667 -3.16 -6.5813333333333 -3.3075 -4.338 -3.6843333333333 -3.5653333333333 1.731 3.48 7.5058333333333 9.592 2.0938333333333 -4.4756666666667 -3.2075 -8.8826666666667 3.6586666666667 -0.58 -3.1676666666667 -8.89 -14.7815 -18.789 -13.753166666667 -12.032 -8.0925 -6.8293333333333 -5.334 -4.2146666666667 2.8705 5.795 6.0993333333333 1.632 -2.291 0.26566666666667 0.37333333333332 -1.246 -5.6763333333334 -8.1506666666667 -9.263 -10.413333333333 -8.9171666666667 -5.054 -4.0903333333333 -9.9933333333333 -9.97 -6.429 -2.5321666666667 -1.26 -0.72516666666666 -0.57 -0.1035
-0.49062499999999 -1.8120208333333 -5.9211666666667 -5.267296875 -7.6309791666667 -3.5611458333333 -4.2938125 -2.4096927083333 -1.9709166666667 2.42596875 3.4073958333333 10.974588541667 11.5525 3.7404479166667 -3.9339375 -1.471796875 -3.9332916666667 7.679859375 2.5641875 -2.198171875 -6.8659375 -13.306890625 -17.09246875 -12.717151041667 -11.317375 -8.3884895833333 -7.6932083333333 -5.684828125 -4.3302083333333 2.578828125 4.32140625 3.910828125 1.0735 -2.81796875 -2.0972604166666 -2.3241927083333 -3.185375 -6.778828125 -8.4977604166667 -8.22334375 -8.40625 -6.7838645833333 -2.89590625 -1.6042239583333 -7.7524583333333 -8.550390625 -5.5051666666667 -2.1672135416667 -1.18525 -1.0069114583333 -1.18515625 -0.79809374999999
-1.925 -4.3917708333333 -7.2272916666667 -6.93375 -8.6891666666667 -3.4372395833333 -3.9128125 -0.94255208333333 -0.76791666666667 2.353125 2.7552083333333 11.602291666667 12.431875 4.6563541666667 -3.343125 0.45546875 2.3770833333333 9.5534375 3.86375 -2.31484375 -6.03125 -12.67703125 -15.2396875 -12.109791666667 -11.155 -9.2880208333333 -9.1930208333333 -6.45671875 -4.8502083333333 1.68640625 2.4890625 1.99015625 0.8975 -2.9946875 -4.5444791666667 -6.1231770833333 -5.823125 -8.42703125 -9.6813541666667 -8.05328125 -7.4625 -5.6778645833333 -1.8990625 -0.26317708333333 -5.4702083333333 -6.41171875 -4.0722916666667 -2.0108854166667 -1.6525 -1.8423958333333 -2.2609375 -2.18015625
-3.063125 -6.4614427083333 -7.5458541666667 -8.03296875 -9.4073958333333 -3.0077864583333 -3.15084375 0.23394270833334 -0.34308333333334 1.937984375 2.2105729166667 10.443651041667 11.528 4.93228125 -2.0011770833333 2.60671875 7.0363333333333 9.6995208333333 3.86409375 -2.9959739583334 -5.7182291666667 -11.873734375 -13.562739583333 -11.782473958333 -11.25625 -10.163541666667 -10.58625 -7.272921875 -5.4388333333333 0.71773958333332 0.69843749999999 0.56314583333333 0.88995833333333 -2.350859375 -5.8995104166667 -8.7662239583333 -8.3496875 -10.039822916667 -10.914979166667 -8.047109375 -6.77 -5.1335052083333 -1.36840625 0.59888541666667 -2.7613541666666 -3.860625 -2.1356145833333 -1.620890625 -2.230625 -2.7585 -3.4721354166667 -3.83884375
-3.8875 -7.993 -7.3244166666667 -8.682375 -9.515 -2.6472916666667 -2.554125 0.93564583333334 -1.4958333333334 1.50625 2.1591666666667 8.81675 8.603 4.0756458333333 0.47012500000004 4.776875 8.9491666666667 8.727875 2.9075 -3.8818541666667 -5.6908333333333 -10.4385 -12.21125 -11.642291666667 -11.371 -10.931875 -11.363 -7.5735625 -5.8339166666667 -0.24937500000002 -0.42125000000001 -0.33679166666667 0.32316666666665 -0.94668749999999 -6.360125 -9.2933333333333 -10.34625 -11.358354166667 -11.567916666667 -7.7848125 -6.1933333333333 -4.7808333333333 -0.996875 1.0859166666667 -0.17091666666665 -1.321875 -0.66020833333332 -1.5497083333333 -2.661 -3.4641458333333 -4.4270833333333 -5.8641875
-4.350625 -9.21103125 -6.8562291666667 -8.552953125 -8.630125 -2.4853385416667 -2.503125 0.98075520833335 -3.5490833333333 1.125953125 1.3611979166667 7.1294375 5.5368125 2.4890364583333 3.46484375 6.933125 9.6110416666667 7.31446875 1.24175 -4.4359479166667 -5.9705208333333 -8.778890625 -10.8444375 -11.154354166667 -10.947625 -11.228515625 -10.93521875 -7.059625 -5.9151666666667 -1.224875 -0.8328125 -0.68051041666667 -0.72183333333332 -0.51431249999998 -6.19253125 -8.6351302083333 -11.3941875 -12.238557291667 -11.301354166667 -6.711234375 -5.3364583333333 -4.0841770833334 -0.68731250000001 0.90252604166667 0.88064583333333 0.48023437499998 0.14041666666666 -1.6026302083333 -2.736375 -3.7490208333333 -4.8141145833333 -7.59209375
-4.535 -9.9061145833333 -6.3313541666667 -7.39246875 -7.6774166666667 -3.2060416666667 -3.29625 -0.41797916666665 -5.74775 0.39387500000002 -0.69187499999998 5.35040625 3.392 1.5991979166667 5.503875 8.7278125 10.04075 5.79659375 -0.13056250000001 -4.7794375 -6.5083333333333 -7.790375 -9.5591875 -10.160635416667 -9.79525 -10.480416666667 -9.5411666666667 -6.119875 -5.67875 -1.6725625 -0.4909375 -0.52173958333333 -1.5649166666667 -2.72290625 -6.0767708333333 -7.91046875 -10.92375 -12.101541666667 -10.6445 -5.16821875 -4.13375 -2.7884479166667 -0.18168750000001 0.561625 1.3448333333333 1.7903125 0.433 -1.6261145833333 -2.55825 -3.3915729166667 -4.1766666666667 -7.52565625
-4.04375 -9.52890625 -5.5586979166667 -6.39859375 -7.0320833333333 -4.4177083333333 -4.57328125 -2.94546875 -7.9129166666667 -1.675703125 -3.3950520833333 3.306171875 2.27625 1.6608333333333 6.80171875 9.929296875 10.083125 4.637578125 -0.51687500000001 -5.2982291666667 -7.1708333333333 -7.602578125 -8.5809375 -9.0508072916667 -8.5525 -9.1546875 -7.9889583333333 -5.40859375 -5.2047916666667 -1.306484375 0.41875 -0.32205729166667 -2.0910416666667 -5.31796875 -6.5645833333333 -7.5407552083333 -10.0215625 -11.70625 -10.107760416667 -4.040390625 -2.5427083333333 -0.82179687500001 0.39921875 0.106640625 1.2578125 2.03515625 -0.25572916666667 -1.8656510416667 -2.19625 -2.9106770833333 -3.0893229166667 -6.12921875
-3.005 -8.6575 -4.8159166666667 -5.866375 -6.7263333333333 -5.5427083333333 -5.63725 -4.952875 -10.304666666667 -5.625625 -6.5395833333333 1.365125 1.95 2.3440833333333 7.97325 10.490625 9.848 3.774625 -0.56675000000001 -6.1552916666667 -7.8283333333333 -7.987375 -8.1125 -7.9500416666667 -7.369 -7.68625 -6.7788333333333 -5.026375 -4.8721666666667 -0.825875 1.90375 0.086958333333338 -1.5056666666667 -5.510625 -6.3753333333333 -6.8895833333333 -9.0415 -11.048875 -9.5639166666666 -3.69075 -0.088333333333325 1.6705 0.848 -0.309625 1.1325 1.754375 -1.4346666666667 -2.4717916666667 -1.969 -2.4317083333333 -1.8591666666667 -4.970375
-1.770625 -7.380359375 -3.8881145833333 -5.207140625 -6.4302916666667 -6.0609635416667 -5.98909375 -6.2964114583333 -12.756208333333 -9.4908125 -8.9515625 -0.18388541666668 1.3034375 3.4103125 9.3749479166667 10.954140625 9.3125416666667 2.9965260416666 -1.1706875 -7.34496875 -8.5080208333333 -8.552578125 -7.938875 -6.8638489583333 -6.276375 -6.4902864583333 -6.0115208333333 -4.882796875 -4.6987083333333 -0.36264583333334 3.72921875 1.1755260416667 0.61233333333336 -3.878375 -4.8713645833333 -5.46671875 -7.871875 -9.6998333333333 -8.7512395833333 -3.679 1.9241666666667 3.3375989583333 1.08190625 -0.43694791666667 0.61810416666666 0.82929687499999 -2.1643645833333 -2.9603541666667 -2.135 -2.2618385416667 -0.75432291666665 -3.4446875
-0.86250000000001 -6.1493229166667 -3.324875 -4.69853125 -6.101625 -6.2278125 -6.5126875 -7.7057604166667 -14.483583333333 -12.5945 -10.5634375 -1.6194791666666 0.39237500000001 4.29259375 10.9555625 11.71484375 8.4855 1.6415520833333 -2.7796875 -8.6259479166667 -9.4210416666667 -8.83696875 -7.9239791666667 -5.9363541666667 -5.3475 -5.57765625 -5.4813125 -4.702625 -4.78325 -0.23623958333334 4.35 2.3880625 2.606 -2.02540625 -3.1849375 -4.2036979166667 -6.74025 -8.06840625 -7.7495625 -4.2165 2.1520833333333 3.4826145833333 0.82200000000001 -0.30733333333334 0.22270833333333 -0.2115625 -2.6838333333333 -3.7936770833333 -2.94925 -2.611 -0.18666666666667 -0.89762500000006
0.18374999999999 -4.5973229166667 -2.2775 -3.394703125 -4.9631875 -5.679296875 -6.662875 -8.8836666666667 -13.430458333333 -14.39196875 -11.31109375 -3.2832760416667 -0.33287499999999 5.119359375 12.781625 13.11171875 7.983875 0.30766145833333 -4.705125 -8.9511041666667 -9.8097916666667 -7.722609375 -7.2157291666667 -4.6124166666667 -3.859125 -4.372109375 -4.240125 -3.708921875 -4.3373125 0.033385416666662 4.27125 4.093625 4.063375 0.10468749999998 -1.31528125 -2.9579947916667 -5.3780625 -6.58571875 -6.89365625 -5.111390625 1.2670833333333 2.9921302083333 0.58415625000001 0.098713541666664 0.66183333333333 -0.252578125 -2.4983333333333 -3.9128489583333 -3.76 -2.141953125 1.0067708333333 2.903421875
1.6 -2.6145833333333 -0.15479166666667 -1.33125 -3.5254166666667 -4.965625 -6.735 -9.6970833333333 -11.076666666667 -14.90875 -11.43125 -5.3877083333333 -1.35875 5.3001041666667 13.902083333333 13.0015625 7.33 -0.55979166666667 -6.601875 -8.7670833333333 -9.3041666666667 -5.52625 -5.416875 -2.4225 -1.655 -2.7979166666667 -2.5516666666667 -1.993125 -3.14 0.22875 3.628125 4.9372916666667 4.9083333333333 2.1696875 0.705625 -1.6265625 -4.14 -5.7280208333333 -6.9279166666667 -5.815 -0.025000000000018 2.3067708333333 0.3475 0.44885416666667 1.51375 0.61875 -1.6629166666667 -2.9997916666667 -3.5925 -0.56854166666666 3.1458333333333 6.17125
3.11875 -0.66631770833332 2.8019270833333 0.52612500000001 -1.8930208333333 -4.3720052083333 -6.93021875 -10.2163125 -9.4167083333333 -13.206921875 -10.394166666667 -7.468453125 -3.7790625 4.6340520833333 12.49834375 9.360703125 6.1565 -0.80570312500001 -7.6033125 -8.3835729166667 -8.2515625 -2.77740625 -2.7010625 0.15115625000002 1.0545 -0.98570312499999 -0.99471874999999 -0.26631249999999 -1.6587708333333 0.12181770833333 2.67109375 4.8174270833333 5.0504583333333 3.619765625 2.4907708333333 -0.027708333333331 -3.3770625 -5.8081770833333 -7.5922916666667 -6.052890625 -1.5329166666667 1.471125 0.067750000000002 0.6295 2.5469791666667 1.751171875 -0.50543749999999 -1.65590625 -2.156375 1.8425364583334 5.7716145833334 8.64090625
4.01125 1.0052604166667 4.7916458333333 1.83375 -0.11183333333332 -4.1281770833333 -7.3293125 -10.271375 -8.3285833333333 -10.25065625 -8.7813541666667 -8.796 -7.645875 2.5896770833333 9.362625 4.5234375 5.14775 -0.82340625000001 -7.67175 -7.9982604166667 -6.994375 -0.07356249999999 0.22437500000003 2.61021875 3.44025 0.62343750000001 0.33875000000002 1.34740625 -0.22983333333332 0.095958333333334 1.860625 4.2916770833333 4.5170833333333 4.1380625 3.5707083333333 1.7115104166667 -2.866125 -6.5707083333334 -8.7096041666667 -6.18090625 -2.7854166666667 0.26468749999998 -0.34925 0.85125 3.3004166666667 2.7915625 1.0125625 -0.001843749999974 0.08575000000003 4.6820833333334 8.4030208333334 10.69721875
3.99375 2.4765 5.17959375 2.234203125 0.8144375 -4.0786458333333 -7.20409375 -9.8058333333333 -8.16025 -8.089109375 -8.1384375 -9.6247864583333 -10.8695625 -1.0174010416666 5.7891875 0.54640625000003 4.2592083333334 -1.28571875 -7.7876875 -7.7915208333333 -5.6090625 1.154578125 2.3476770833333 4.6945572916666 5.145375 2.1421875 1.8626666666666 3.045703125 0.93949999999999 0.20151041666666 1.55 3.9946197916667 3.4880833333333 4.0861875 4.1584895833333 3.2345572916667 -2.488125 -7.0971979166667 -9.9923020833333 -6.648640625 -2.9333333333333 -0.63116666666667 -0.57840625 1.139546875 3.5772916666667 3.68953125 2.937625 2.347140625 2.6205 7.2390364583333 10.43515625 11.915453125
2.93 3.0093333333333 4.4751666666667 1.81875 0.49333333333334 -3.9775 -6.8395 -9.4189166666667 -8.422 -7.267 -8.4266666666667 -10.284 -12.458 -6.1351666666666 2.08 -2.32125 2.7253333333333 -2.4484166666667 -8.414 -7.9685833333333 -4.1366666666667 0.672 3.7613333333333 6.2080833333333 6.262 3.57125 3.6968333333333 4.50125 2.0096666666667 0.472 1.5675 3.9160833333333 2.4313333333333 3.52775 4.2686666666667 3.96125 -2.176 -7.21925 -10.944 -7.2055 -2.94 -1.0059166666667 -0.5485 1.3385833333333 3.6893333333333 4.405 4.4825 4.8198333333333 5.174 8.6506666666667 11.296666666667 11.6565
1.2125 2.9820052083333 3.4332291666667 1.225546875 -0.078854166666667 -3.796484375 -6.68453125 -9.1822916666667 -8.768125 -7.198984375 -8.7994791666667 -10.88078125 -13.184375 -9.8883072916667 -1.509375 -4.355859375 0.90770833333334 -4.0094010416667 -9.41 -8.3263020833333 -2.8447916666667 -0.375 4.6270833333333 6.9442708333333 6.79375 5.144921875 5.7075520833333 5.459140625 2.8560416666667 0.98609375 1.696875 3.7380989583333 1.2427083333333 2.60046875 3.8205729166667 4.004296875 -1.7865625 -7.218671875 -10.680625 -7.2146875 -3.053125 -0.98119791666667 -0.44640625 1.4226302083333 3.8830208333333 5.059375 5.63921875 6.4796614583333 7.000625 9.1459635416667 11.248697916667 10.8646875
-0.79250000000001 1.7945104166667 1.7007083333333 -0.20859375000001 -1.3582916666667 -4.3706770833333 -6.986625 -9.4963854166667 -9.0184166666667 -7.9446875 -9.3313541666667 -11.585958333333 -13.238875 -11.22865625 -5.9940416666667 -5.901875 -1.0435833333333 -5.8178541666667 -10.467 -9.1209791666667 -3.2114583333333 -1.9008125 4.0510833333333 6.4182291666667 6.519 6.2351041666667 6.64 5.7218125 2.95075 1.2208020833333 1.394375 3.013625 -0.35625000000001 0.8564375 2.0474375 2.9785416666667 -1.877125 -7.3595833333334 -9.9046458333333 -7.267 -3.5841666666667 -1.3553229166667 -0.944875 1.03765625 3.788875 5.59234375 6.40925 7.2406979166667 7.84125 8.7015729166667 10.257395833333 9.4986875
-3.051875 -0.44689062500005 -0.6161354166667 -1.994734375 -2.4583541666667 -4.368828125 -7.10353125 -9.963953125 -8.7045 -8.455078125 -8.8963020833333 -11.471182291667 -11.08675 -10.579822916667 -10.08796875 -6.25765625 -2.8170416666667 -7.3650520833334 -10.91840625 -9.5483333333333 -4.3151041666667 -3.592328125 2.5604166666666 5.82403125 6.2675 6.8068229166667 7.4060208333333 6.053703125 2.9990208333333 1.2776770833333 1.02828125 2.2117135416667 -1.9398333333334 -0.84839062500001 0.19437499999999 1.8350520833333 -2.2095625 -7.4496145833333 -9.2881979166667 -7.364984375 -3.7883333333333 -1.8214010416667 -1.51415625 0.87003645833333 3.8680625 6.52046875 7.5997916666667 8.0901927083333 8.536875 8.4054375 9.2300520833333 8.362375
-6.1475 -4.3996875 -3.2836666666666 -3.552625 -3.3159166666667 -3.810625 -6.361875 -10.238125 -7.558 -7.65525 -6.9970833333334 -10.420729166667 -7.94875 -9.3893541666667 -11.185875 -5.5325 -4.4176666666667 -8.5228958333333 -10.98825 -9.4382083333333 -5.7166666666667 -5.3663125 0.76554166666669 5.14025 5.8535 7.1691666666667 7.8459583333333 6.3584375 3.0690833333333 1.1287708333333 0.45687500000001 1.2727291666667 -3.0213333333333 -2.08275 -1.0685 0.67895833333335 -2.833 -7.4185833333333 -9.0120416666667 -7.6655 -4.0808333333333 -2.4434791666667 -2.11725 0.85702083333332 4.172 7.705 9.3030416666666 9.3697708333333 9.2355 8.19675 8.4895833333333 8.055625
-9.3925 -8.096515625 -5.4207916666667 -4.293375 -3.3889791666667 -2.9424739583333 -4.99478125 -9.7114427083333 -5.716375 -6.051765625 -4.9561979166667 -8.67028125 -5.9084375 -8.006375 -9.7750520833333 -4.112890625 -4.9884583333333 -8.60259375 -9.79471875 -7.8817135416667 -7.0141666666667 -7.170046875 -1.0931354166667 4.1686822916667 5.1645 7.164765625 8.23996875 6.428984375 3.1356458333333 1.0124947916667 -0.11625 0.039010416666676 -3.3795 -2.944734375 -1.9731458333333 -0.51203124999999 -3.6574375 -7.171 -8.5873125 -7.883546875 -4.7285416666667 -3.8840677083333 -2.74159375 1.2950729166667 5.0077083333333 9.0790625 11.132375 10.784489583333 9.970875 7.989609375 7.90703125 8.11434375
