data/closos/closos_3.grd
DSAA
241 481
0 30
0 60
-654.28387584156 2926.2039545045
[rows 176 to 197 of 481, columns 147 to 195 of 241]
-6.164157065 -8.057157815 -9.7141581375 -10.67816 -11.80466 -13.13316 -13.96716 -13.42116 -11.0981599375 -8.234657975 -5.317532 -2.647907005 -1.040157400625 0.2318425 1.9904937704731 2.470928446536 3.0902328299517 3.6711679856815 4.027468372816 4.1455696738644 3.8397300893248 3.4645632547464 3.2430267310531 3.1125056840412 3.1074662193327 2.9309373610188 2.3968095938841 1.3044376160665 -0.41950829485189 -2.4256429204657 -4.2143933801219 -5.9170386156686 -7.2110514661647 -7.909328896985 -8.0021305169112 -7.7683511307906 -7.3214346787137 -6.5231663624093 -5.552440295348 -4.8529151880316 -4.1090712951914 -3.2192266532903 -2.3634221700694 -1.7088055857875 -1.4106231820132 -1.348916292531 -0.96890939667206 -0.62954073197114 -0.17979779331781
-6.5480870095313 -7.9060327125 -9.0215015802344 -9.72636255 -10.809409425 -12.17922195375 -13.0838084375 -12.605706853438 -10.399253121484 -7.5261889446875 -4.4220788775336 -1.5972508878891 0.061483266953123 1.19684235625 2.7972052380739 3.1475684999882 3.5697134231911 3.9264129672536 4.1045701948976 4.1332335643998 3.802388983691 3.40913462658 3.0933845766899 2.8573587648594 2.7741474515871 2.5628462883976 1.8870762546021 0.56847207929448 -1.308871530294 -3.2843040707302 -4.8730432425307 -6.3085382356736 -7.4065033867438 -8.0345206849564 -8.1748337236713 -7.9970737653501 -7.657676511053 -6.9935741240634 -6.1788973237507 -5.585614103729 -4.8714721538914 -3.8861277379326 -2.7912167245788 -1.8738924672159 -1.2874236643462 -0.92058734637692 -0.36055242103074 0.11271972233362 0.59072156940333
-6.2120171053125 -7.033407225 -7.5943448092187 -8.1145647 -9.15190845 -10.5192835275 -11.383956875 -11.058503691875 -9.1865959117187 -6.501219719375 -3.3477507568297 -0.42359486110315 1.5233741326562 2.5618421125 2.6869099617349 2.8220265609191 3.0902724453958 3.4599043340985 3.7432136556537 3.8578555373395 3.6056099483223 3.2502296664125 2.8480460162876 2.4509153311193 2.1651138488311 1.828187812132 1.136680852168 -0.074891636427312 -1.7512647520019 -3.469016936839 -4.8980045396018 -6.2419713268518 -7.3168058469577 -8.0314378204837 -8.3319889000781 -8.2184463823808 -7.803896507611 -7.0493377617512 -6.2329897512032 -5.6919610045439 -4.997456944654 -4.1395913945346 -3.1716898275744 -2.3492384088224 -1.6732879088046 -1.1423938770953 -0.60872044504428 -0.29455758685644 -0.023430899419558
-5.7127045525781 -5.6279070196875 -5.5317744826562 -5.7874546125 -6.67622805 -7.96815781125 -8.822448275 -8.7510341571875 -7.2413999019531 -4.8278757539375 -1.9405399784679 0.6378423952078 2.3021083595312 3.1393422625 2.6126279331426 2.5452815003144 2.6491632530789 2.9935087788773 3.3428515607561 3.520243157964 3.3326337392396 3.0034481852939 2.5118334567976 1.9413351388048 1.4292894446342 0.92947042425413 0.18220647911028 -0.9487423553481 -2.4167083243257 -3.8564717856426 -5.113718371267 -6.3600237410372 -7.3909046266784 -8.1506108468426 -8.5759783131389 -8.5127140468701 -8.0233421017681 -7.1967457147255 -6.4047734699149 -5.9297377606184 -5.2546954005519 -4.4968130493232 -3.642225678754 -2.8968347544501 -2.1188832214645 -1.419509258753 -0.91632935834039 -0.79250944095833 -0.76439610705888
-5.0734697296875 -3.76565705625 -2.924563965625 -2.84721975 -3.499251 -4.653157275 -5.5223765 -5.79190773125 -4.6683134921875 -2.59878201125 -0.2480012078281 1.6030921339687 2.495279753125 3.04184275 2.8436010521173 2.6821480762162 2.5329615757691 2.5280716937624 2.6118709465082 2.6551205542022 2.4137957720097 2.0118085742095 1.4053555717079 0.55754813571746 -0.38123794320532 -1.3598415477654 -2.5020801211385 -3.7762448156695 -4.9727691542501 -5.962406297288 -6.9462870199679 -8.0429447026172 -8.8533722098376 -9.3060480907273 -9.5559912559326 -9.4248540183891 -8.8634618089083 -8.1209483401283 -7.5741309907292 -7.2815390041317 -6.6244649228336 -5.7335072601693 -4.8761505383505 -4.0568392865434 -3.0707704455471 -2.1654329959912 -1.7277705712697 -2.0590360090747 -2.5802502437134
-4.1679382596484 -2.1331884170313 -0.74322021007813 -0.306282 -0.64675857585938 -1.519844725625 -2.2367038853906 -2.6445634785937 -1.9601491949219 -0.46587599299999 1.3042644117813 2.5472641125 2.8781547422656 3.086843 2.8828318011772 2.6302764173907 2.2541706423411 1.9357879733809 1.7837834269922 1.7174846180348 1.4534478022741 1.0150711976127 0.33024307230649 -0.75298057324017 -2.0634029900143 -3.459128343921 -4.9476011345743 -6.3446207337762 -7.3006941782699 -7.9053421643214 -8.6612591881835 -9.6307399782013 -10.22684795616 -10.375240587992 -10.432257056673 -10.211331620917 -9.5613478399595 -8.8705272731264 -8.5244988221883 -8.3917111602381 -7.7711568364291 -6.7955935115707 -5.9688527425193 -5.1199879632503 -3.9873456538466 -2.9342984167569 -2.5812762400106 -3.3259988442155 -4.3375760887848
-2.9820945294531 -0.74259485593752 0.98984274390625 1.814343 1.8641710842188 1.42221731125 1.0338117182813 0.70090480218751 0.89020235234376 1.565779789 2.7088740829375 3.469248975 3.4607177267188 3.281843 1.1055558878868 0.79035832430624 0.43506044042415 0.14179928731647 0.035735752305132 0.092880269604911 0.099847177221788 -0.029960799627833 -0.4477236679428 -1.3694833378118 -2.5295037533766 -3.7581766318933 -5.131132378204 -6.4581136203747 -7.4673326200359 -8.3040803455568 -9.2621594360128 -10.317344544352 -10.757243142974 -10.627377590963 -10.325655195858 -9.8073236224796 -8.9117569396423 -7.9657764886076 -7.4002274913351 -7.2127656461758 -6.8044819308928 -6.2034990945478 -5.7236561057947 -5.2655548520857 -4.5693859757801 -3.9205061025202 -3.8332872795993 -4.5970947353769 -5.5404233820156
-2.1150009772265 0.32446761984373 2.336022475 3.4927021757813 4.00574919375 4.231467018125 4.4761860780469 4.2612634954688 4.0187958878906 3.928935775 4.103921125 3.8767179989375 3.1709679142031 2.4355927875 -0.54666289102411 -0.92568132777059 -1.2759087744713 -1.5673844423807 -1.6616417730586 -1.5225991744477 -1.2819662148402 -1.107969336539 -1.2337376278323 -1.9466445715992 -2.900389388756 -3.9210267982536 -5.1480180822077 -6.3888262243176 -7.444197547227 -8.4996570027124 -9.640218275825 -10.777559881645 -11.111431515185 -10.773023176622 -10.158110881665 -9.3586427072627 -8.2317737835094 -7.0529157710773 -6.2873325167779 -6.057715977193 -5.8482059917162 -5.5926379573475 -5.4279193801959 -5.3263687949401 -5.0376227570636 -4.7586448184873 -4.8981850001928 -5.6612899901692 -6.530752560696
-1.6604076553125 0.97284280874998 3.1815298 4.59871734375 5.66934294375 6.868841945 8.140965886875 8.09971566375 7.507467290625 6.721092025 5.486593 3.6183429965 1.752342717375 0.2418423 -0.86003470187149 -1.3154929643536 -1.8291333047837 -2.3686562862631 -2.8165506409608 -3.0403884657553 -2.9658221713588 -2.5390208275708 -2.1059041744575 -2.1026200052272 -2.2519130657309 -2.6257558979456 -3.3808162443323 -4.3627146257129 -5.3893695536761 -6.5202102844263 -7.6325632180425 -8.8140787688122 -9.5791704604726 -9.7785841769455 -9.3381238312968 -8.4316988006436 -7.2264147121728 -6.053231064836 -5.2962314743302 -5.1584924143546 -5.0032601629791 -4.7808625217772 -4.5911064090028 -4.4798276690583 -4.287492220799 -4.0115745636944 -3.9598695409557 -4.5104313732457 -5.2458878071308
-2.13628291875 0.32934292499996 2.5309045077344 4.26684215625 5.9744990167969 7.99590441875 10.109340358594 10.470980685938 9.8998494375 8.739810409375 6.6565695589843 3.7966084334375 1.1977409225391 -0.84565790625 -1.1512480630339 -1.6842108367391 -2.3525699426655 -3.1298760833608 -3.9206025764803 -4.4983283082908 -4.5812218281631 -3.9121712114382 -2.9537039775433 -2.2691112758277 -1.6461856537174 -1.4037861556971 -1.7108208095147 -2.4370010179766 -3.4185048811552 -4.5968177120033 -5.6626003637397 -6.8600622905649 -7.9934772793445 -8.6753019024046 -8.4101210398216 -7.4306202663136 -6.1693825413969 -5.0073676700053 -4.2581912681936 -4.2023062983589 -4.1071017627952 -3.9285223200763 -3.7320434489355 -3.625441647044 -3.5341898672229 -3.2723874407202 -3.0494530329507 -3.3950263657242 -3.9907256204757
-4.10090791875 -2.381157075 -0.51353297215627 1.6343424 4.1061548067188 6.7064669675 9.3634662909375 10.494746274375 10.538168775 9.52102820875 7.4862336123437 4.673498573375 2.0255765708906 -0.1631576625 -1.1706511080607 -1.7941785349669 -2.5106084333996 -3.3997907732326 -4.400809474773 -5.2221149125567 -5.3568908751381 -4.5750680140876 -3.5026050598778 -2.5645968132921 -1.5648448834468 -1.080977285644 -1.2332239188734 -1.742836098227 -2.4775902799349 -3.3610226621681 -4.1549952054534 -5.0221453298929 -5.7523500141815 -6.2368754561927 -6.1571251574288 -5.5201569653953 -4.4784936841669 -3.3950456951447 -2.6443639874738 -2.5473795302999 -2.582735819532 -2.5785876538396 -2.600047292012 -2.6748248991363 -2.7419798879588 -2.6299000680544 -2.4812636600593 -2.7145189668675 -3.0999149212521
-6.1866972930469 -4.9145322253125 -3.2071735904531 -0.75745439375001 2.175349975 5.1131546625 8.0869280196093 9.7474497060937 10.217738919922 9.3451216378125 7.4233662623437 4.7236702866875 2.1883811620078 0.048092418749998 -1.1893938879481 -1.8868293718753 -2.6411378434501 -3.6271340708807 -4.8128335453401 -5.8530115655387 -6.0446866362239 -5.1840502533817 -4.0238030364477 -2.8411449676722 -1.459929147182 -0.70824834424109 -0.67570089393445 -0.9591083371493 -1.4553805197706 -2.0616460189521 -2.598475986414 -3.1502409618457 -3.4943920922906 -3.7823002019836 -3.8593183448557 -3.5275836555039 -2.683597278554 -1.6682970516801 -0.92128637675514 -0.79724917879916 -0.97335294567703 -1.1562726743201 -1.3977217980551 -1.6442587528862 -1.8484717328781 -1.8521637444902 -1.7469075025574 -1.8725914065892 -2.0897500513082
-8.5148154159375 -7.09365767625 -5.1992204855625 -2.6678452625 0.11962390000001 2.91209265 5.7490613409375 7.458028824375 7.9798106796875 7.25496632625 5.575436105625 3.12040514675 1.0211236386563 -0.683157825 -1.1986897973785 -1.7317158852901 -2.3780757914145 -3.2453789874821 -4.2493186961439 -5.154867377074 -5.4752184607405 -5.0216395092839 -4.1486334997696 -2.8467428717692 -1.0177100513086 0.3787216180131 1.0253806678781 1.1060569998532 0.7299753606688 0.14743649878854 -0.34210943659963 -0.79205522673822 -0.99562631259949 -1.0966727718152 -0.92037053124215 -0.36020560184392 0.5994071269982 1.6956331579617 2.3649113401014 2.3150247511761 1.852426012029 1.3016375567822 0.81085421037856 0.53019878503225 0.49437955311702 0.86067295346616 1.3649118809072 1.2788861555668 0.62809756894204
-10.425620797344 -8.9699394940625 -7.0660563 -4.6263609421875 -2.09353995 0.44496786937502 3.0506867122656 4.7464827922656 5.4320772797266 5.0589358325 3.7850842859914 1.709467931011 0.032272270945319 -1.2906578625 -1.2506132980203 -1.6317506113056 -2.1778665593157 -2.9327619027859 -3.7555961821371 -4.5045347971087 -4.9024910820568 -4.7823819690837 -4.1295824582712 -2.6858891828896 -0.4344507279932 1.5544050310998 2.7576992924703 3.1561232562503 2.8682546099788 2.2907278620141 1.8408960468952 1.4879403278309 1.4212481451068 1.5022144881477 1.9138183742255 2.6835209016288 3.7425236165151 4.9005427581094 5.4779894215056 5.2494576927804 4.516264752687 3.6348626377139 2.9285467366129 2.625036728695 2.7496297421866 3.4590709662869 4.329503126153 4.268089969327 3.2048467777358
-11.274175564062 -10.075346609375 -8.614173 -6.707376140625 -4.7074545 -2.69940759375 -0.56534451640628 0.96043637734373 2.0957489277344 2.593404875 2.1412955062109 0.78809270414064 -0.50245433695312 -1.583157375 -2.0310810848191 -2.4743184254056 -3.0518691588634 -3.8017760686406 -4.4546881240972 -4.6713460714957 -4.2740609577665 -3.2297428227704 -1.6514656980259 0.31977354959059 2.5593143006949 4.2462819675053 5.0238877172966 4.9481324986644 4.2019514363526 3.3095885844388 2.7700942151117 2.4315946150183 2.4385254634381 2.6186333846002 2.9575823041121 3.6139300019035 4.4948284501565 5.3876455778151 5.6322955515437 5.144426469503 4.4123979656185 3.8371051520968 3.492957930716 3.3591034250797 3.5076975474399 4.1016078149723 4.7778316454797 4.4838879014136 3.370095863457
-11.580901859141 -10.612347075313 -9.511758675 -8.0065165359375 -6.4519547625 -4.920720343125 -3.2495945 -1.9444538916406 -0.56417306949219 0.4923737825 0.59538159594452 -0.2132980424578 -1.2175324416797 -2.1119071125 -2.7886664195877 -3.2887937501723 -3.891984645658 -4.6285685388942 -5.1103040138323 -4.8091352057334 -3.6419136814763 -1.7126278321123 0.73845123833196 3.1950972821767 5.4035005227815 6.7894169286428 7.1592945155889 6.6346227301126 5.4553647888902 4.2620235707034 3.6337112001126 3.3103448913149 3.392997650688 3.6729360891578 3.9479490344866 4.4946239444996 5.1984755024246 5.8257809202793 5.7481849394438 5.01918070672 4.3011179859852 4.0253967007747 4.0256352174504 4.0510902093122 4.2177817353447 4.6954200708898 5.173986582487 4.6443214715794 3.4687513701598
-10.08153324875 -9.25465871 -8.2409076 -6.6994075875 -5.2984074 -4.06515738 -2.827907 -1.9121570075 -0.9694072175 -0.39365776 -0.62428274927501 -1.48140718815 -2.5337822025 -3.4281576 -3.0631777670537 -3.5102054112346 -4.0167055298901 -4.5640141020137 -4.8480921343738 -4.3342347146 -2.9312931962989 -0.94546723861763 1.2663718926217 3.3188199058889 5.0899119388387 6.1924435230121 6.5337558648294 6.0934893967272 5.0139048048848 3.8121374602549 3.1128365394512 2.8188993821377 3.0215837373319 3.4158969648236 3.8110415529381 4.325775669439 4.874902725701 5.2301584098667 5.0530542155408 4.4671835543772 4.0333372744282 3.9191678623478 3.8883744597359 3.8547232925551 3.9148784458932 4.2606020350404 4.4686992260854 3.6359518456369 2.1615424309182
-8.4764539491406 -7.7819079190625 -6.8436189314844 -5.3337828554687 -4.13031325 -3.245907 -2.4686179375 -1.966703875 -1.4424539035156 -1.2770641625 -1.7374703953906 -2.5652195010937 -3.6224227176562 -4.4994079125 -3.3136600412193 -3.7052622518366 -4.1148593558326 -4.4808738287115 -4.5802455112101 -3.873358520077 -2.2562857196483 -0.22497398742341 1.7504393278555 3.4090831142905 4.7579019189399 5.5876436465839 5.9017762848169 5.5456541440903 4.5638608528745 3.3518365185987 2.5768791681049 2.3015375630328 2.612169354788 3.1180547044497 3.6358112159116 4.1320490774088 4.5467221518315 4.656504968999 4.3974228790602 3.9528840411869 3.7853936522597 3.8157556956104 3.7468669243372 3.6468843733303 3.5967548362204 3.8086899778655 3.7613741720598 2.6590243234798 0.92544759812175
-6.3881257845312 -5.783157468125 -4.8683298354687 -3.7006573984375 -2.8957195 -2.592657 -2.394578875 -2.41825075 -2.2255007632813 -2.148469925 -2.3639074170313 -2.8065320071875 -3.6705638240625 -4.450657425 -2.905059162003 -3.1774440169572 -3.4843167258348 -3.8879506135572 -4.1578459178463 -3.7971487468703 -2.5580921911603 -0.78449926789707 1.0316756118379 2.5816023598848 3.9206182271036 4.7681748568503 5.0931312167207 4.8139948205602 3.8783709213003 2.6058716352472 1.6272245894023 1.0733283859071 1.1604563888066 1.701040712702 2.40943970006 3.255945791355 4.0921562848163 4.6854317213598 4.8252033118748 4.4725769161809 4.0815530533187 3.7896008095019 3.4888763438834 3.1243848149924 2.8611595861894 2.8879133357625 2.9981579832033 2.5445087908636 1.6399111135362
-4.5425320625 -4.014250878125 -3.1025328773438 -2.2335476875 -1.7812039375 -1.974719559375 -2.3131960652344 -2.8378445625 -2.9577664355469 -2.9450320015625 -2.9218289375 -2.9917508242187 -3.67515018125 -4.389407 -2.4957604625653 -2.6547955165997 -2.867255068313 -3.3122984115928 -3.7501166874996 -3.7267916438968 -2.85878862915 -1.3423584381993 0.31123327760098 1.7482958633451 3.0700039259553 3.9277140352436 4.2587393018964 4.0529977745103 3.1616344450876 1.8281136557935 0.64186331848228 -0.1965365301499 -0.33501268594115 0.23996709765035 1.1390397774736 2.3318081174728 3.5862942675568 4.6583502428798 5.1923042679906 4.936957516916 4.3347912221954 3.7291544533766 3.1971290334632 2.5710846392202 2.0975414859957 1.9425557111965 2.2060831996359 2.3868265063336 2.2966567182498
-4.34753255 -3.8082825425 -2.761282456875 -1.89534505 -1.48322005 -1.5969075225 -2.1818757740625 -3.04015755 -3.3447200328125 -3.23265701375 -3.01384505 -2.795532555625 -3.38356424375 -4.243157 -2.0593863385383 -2.3327327156941 -2.7732551428614 -3.4067615213961 -3.911597542218 -3.8835181459664 -3.1164157664713 -1.8355725338497 -0.47433944354443 0.688950572004 1.702161983501 2.2727623769585 2.4253697340256 2.1536970946901 1.2325320368984 -0.18321645243058 -1.7289176104728 -3.082644116742 -3.5282187808245 -2.9306199016013 -1.8396623264254 -0.45606380415067 1.0901416208184 2.4581494077795 3.2050415281942 3.2552218764041 2.9226855824034 2.3381990606047 1.5956206003483 0.82272050699673 0.24663679948872 0.043455967067038 0.29429494128202 0.55427424754716 0.71394738777513
-4.04064235625 -3.4998454089781 -2.349813334132 -1.5011267347656 -1.1329470435391 -1.1675329305 -1.943094578625 -3.0803767276406 -3.5488610761625 -3.3675632924262 -2.9942048525703 -2.5321892310156 -3.0544548317187 -4.0556570375 -1.6222785463909 -2.0095792591405 -2.6739206223714 -3.4902084188976 -4.0590614169402 -4.0276324925983 -3.3643979309926 -2.3218267423848 -1.2543416296594 -0.36554873043448 0.33962244114906 0.6247226943456 0.59886879634907 0.26008600216926 -0.69039240536513 -2.1861486434767 -4.0826178716471 -5.9379640801385 -6.6786247158503 -6.0580097135494 -4.7816758590097 -3.2148041459342 -1.3862785423846 0.27018852189503 1.227546260126 1.579514283239 1.5139481175717 0.95257028309651 0.0074062730062719 -0.90399428658329 -1.5763119915108 -1.8242573175057 -1.5850754735426 -1.2474551320871 -0.84398924719451
