data/closos/closos_1.grd
DSAA
101 201
0 10
0 20
-24.91945 81.152
[rows 0 to 24 of 201, columns 0 to 56 of 101]
1.3 1.378 1.456 1.363 1.099 0.835 0.636 0.437 0.222 -0.0090000000000001 -0.24 -0.579 -0.918 -1.654 -2.787 -3.92 -5.762 -7.604 -8.716 -9.098 -9.48 -7.845 -6.21 -5.034 -4.317 -3.6 -3.694 -3.788 -3.91 -4.06 -4.21 -3.76 -3.31 -2.604 -1.642 -0.68 0.387 1.454 2.31 2.955 3.6 3.691 3.782 3.406 2.563 1.72 0.14799999999999 -1.424 -2.858 -4.154 -5.45 -6.1 -6.75 -7.234 -7.552 -7.87 -7.628
1.3 1.22395 1.1479 1.00592 0.79801 0.5901 0.39426 0.19842 -0.00078000000000011 -0.20334 -0.4059 -0.74174 -1.07758 -1.85229 -3.06587 -4.27945 -6.18781 -8.09617 -9.18368 -9.45034 -9.717 -8.12387 -6.53074 -5.35079 -4.58402 -3.81725 -3.97919 -4.14113 -4.2813 -4.3997 -4.5181 -4.01833 -3.51856 -2.79281 -1.84108 -0.88935 0.20609 1.30153 2.17412 2.82386 3.4736 3.55196 3.63032 3.22193 2.32679 1.43165 -0.23278000000001 -1.89721 -3.37624 -4.66987 -5.9635 -6.5661 -7.1687 -7.62189 -7.92567 -8.22945 -7.9835
1.2415 1.10266 0.96382 0.786315 0.570145 0.353975 0.157785 -0.038405 -0.23409 -0.42927 -0.62445 -0.938995 -1.25354 -2.05643 -3.347665 -4.6389 -6.61362 -8.58834 -9.67944 -9.88692 -10.0944 -8.466505 -6.83861 -5.594455 -4.73404 -3.873625 -3.995865 -4.118105 -4.26884 -4.44807 -4.6273 -4.212895 -3.79849 -3.10915 -2.144875 -1.1806 0.019915000000001 1.22043 2.15407 2.820835 3.4876 3.503595 3.51959 3.02616 2.023305 1.02045 -0.73290000000001 -2.48625 -3.99159 -5.24892 -6.50625 -7.09421 -7.68217 -8.13497 -8.45261 -8.77025 -8.49461
1.163 1.0226 0.8822 0.667225 0.377675 0.088125 -0.111925 -0.311975 -0.5095 -0.7045 -0.8995 -1.226975 -1.55445 -2.40502 -3.778685 -5.15235 -7.104495 -9.05664 -10.08855 -10.200225 -10.3119 -8.697345 -7.08279 -5.79156 -4.823655 -3.85575 -3.93845 -4.02115 -4.19602 -4.46306 -4.7301 -4.386045 -4.04199 -3.380155 -2.40054 -1.420925 -0.095679999999999 1.229565 2.22521 2.891255 3.5573 3.448885 3.34047 2.715895 1.57516 0.434425 -1.383545 -3.201515 -4.7233 -5.9489 -7.1745 -7.74593 -8.31736 -8.76323 -9.08354 -9.40385 -9.09742
1.046 0.97229 0.89858 0.65862 0.25241 -0.1538 -0.37414 -0.59448 -0.80272 -0.99886 -1.195 -1.6427 -2.0904 -3.03704 -4.48262 -5.9282 -7.71296 -9.49772 -10.39812 -10.41416 -10.4302 -8.84375 -7.2573 -5.92136 -4.83593 -3.7505 -3.83398 -3.91746 -4.1267 -4.4617 -4.7967 -4.45017 -4.10364 -3.44151 -2.46378 -1.48605 -0.073779999999999 1.33849 2.3591 2.98805 3.617 3.33812 3.05924 2.27042 0.97166 -0.3271 -2.18512 -4.04314 -5.56402 -6.74776 -7.9315 -8.46525 -8.999 -9.42807 -9.75246 -10.07685 -9.74037
0.815 0.9203 1.0256 0.8174 0.2957 -0.226 -0.5089 -0.7918 -1.0336 -1.2343 -1.435 -2.204 -2.973 -4.09185 -5.56055 -7.02925 -8.479 -9.92875 -10.6971 -10.78405 -10.871 -9.136 -7.401 -5.9158 -4.6804 -3.445 -3.5421 -3.6392 -3.8652 -4.2201 -4.575 -4.1877 -3.8004 -3.13745 -2.19885 -1.26025 0.1436 1.54745 2.5235 3.07175 3.62 3.1689 2.7178 1.7511 0.26879999999999 -1.2135 -3.10725 -5.001 -6.4798 -7.54365 -8.6075 -9.07855 -9.5496 -9.9823 -10.37665 -10.771 -10.38425
0.653 1.11866 1.58432 1.57213 1.08209 0.59205 0.14087 -0.31031 -0.67012 -0.93856 -1.207 -2.60255 -3.9981 -5.38462 -6.76211 -8.1396 -9.14445 -10.1493 -10.84722 -11.23821 -11.6292 -9.8427 -8.0562 -6.35241 -4.73133 -3.11025 -3.09557 -3.08089 -3.16744 -3.35522 -3.543 -3.16254 -2.78208 -2.17234 -1.33332 -0.4943 0.76487 2.02404 2.8199 3.15245 3.485 2.84293 2.20086 1.07737 -0.52754000000001 -2.13245 -4.05275 -5.97305 -7.42486 -8.40818 -9.3915 -9.78506 -10.17862 -10.52606 -10.82738 -11.1287 -10.5766
0.716 1.440815 2.16563 2.500755 2.44619 2.391625 1.748045 1.104465 0.61166 0.26963 -0.072399999999999 -1.814915 -3.55743 -5.171435 -6.65693 -8.142425 -9.034655 -9.926885 -10.66728 -11.25584 -11.8444 -10.155515 -8.46663 -6.65825 -4.730375 -2.8025 -2.52115 -2.2398 -2.10632 -2.12071 -2.1351 -1.7901 -1.4451 -0.94734 -0.29682 0.3537 1.374695 2.39569 2.94947 3.036035 3.1226 2.378165 1.63373 0.45644 -1.153705 -2.76385 -4.69369 -6.62353 -8.09011 -9.09343 -10.09675 -10.395075 -10.6934 -10.91091 -11.047605 -11.1843 -10.520565
1.1195 1.851335 2.58317 3.150655 3.55379 3.956925 3.429555 2.902185 2.4822 2.1696 1.857 0.0359 -1.7852 -3.56898 -5.31544 -7.0619 -8.045165 -9.02843 -9.87581 -10.587305 -11.2988 -9.81997 -8.34114 -6.57508 -4.52179 -2.4685 -1.916485 -1.36447 -1.03039 -0.914245 -0.7981 -0.51682 -0.23554 0.11934 0.54782 0.9763 1.76048 2.54466 2.86676 2.72678 2.5868 1.804585 1.02237 -0.12891 -1.649255 -3.1696 -5.053285 -6.93697 -8.42095 -9.505225 -10.5895 -10.836635 -11.08377 -11.15753 -11.057915 -10.9583 -10.182655
1.763 2.27468 2.78636 3.36929 4.02347 4.67765 4.61149 4.54533 4.43908 4.29274 4.1464 2.43774 0.72908 -1.10912 -3.07686 -5.0446 -6.18043 -7.31626 -8.28562 -9.08851 -9.8914 -8.70171 -7.51202 -5.94789 -4.00932 -2.07075 -1.32314 -0.57553 -0.10178 0.098110000000001 0.298 0.4864 0.6748 0.88197 1.10791 1.33385 1.91236 2.49087 2.61766 2.29273 1.9678 1.17783 0.38786 -0.68323 -2.03544 -3.38765 -5.12507 -6.86249 -8.32486 -9.51218 -10.6995 -10.96855 -11.2376 -11.18176 -10.80103 -10.4203 -9.49661
2.33 2.5952 2.8604 3.3042 3.9266 4.549 5.0291 5.5092 5.807 5.9225 6.038 4.4893 2.9406 1.2611 -0.5492 -2.3595 -3.5538 -4.7481 -5.8038 -6.7209 -7.638 -6.7865 -5.935 -4.7249 -3.1562 -1.5875 -0.7266 0.1343 0.7038 0.9819 1.26 1.3242 1.3884 1.4673 1.5609 1.6545 2.0232 2.3919 2.3394 1.8657 1.392 0.5792 -0.2336 -1.1984 -2.3152 -3.432 -4.8729 -6.3138 -7.6714 -8.9457 -10.22 -10.5804 -10.9408 -10.7946 -10.1418 -9.489 -8.3634
2.031 2.21586 2.40072 2.84075 3.53595 4.23115 5.00786 5.78457 6.3563 6.72305 7.0898 5.77918 4.46856 3.1018 1.6789 0.256 -0.81293 -1.88186 -2.88474 -3.82157 -4.7584 -4.32155 -3.8847 -3.15887 -2.14406 -1.12925 -0.31041 0.50843 1.04666 1.30428 1.5619 1.56841 1.57492 1.55874 1.51987 1.481 1.60895 1.7369 1.54286 1.02683 0.5108 -0.25912 -1.02904 -1.85074 -2.72422 -3.5977 -4.67866 -5.75962 -6.88118 -8.04334 -9.2055 -9.61716 -10.02882 -9.84558 -9.06744 -8.2893 -7.11915
1.45 1.48666 1.52332 2.080105 3.157015 4.233925 5.08772 5.941515 6.70565 7.380125 8.0546 7.162135 6.26967 5.32509 4.328395 3.3317 2.315915 1.30013 0.26691000000001 -0.783745 -1.8344 -1.7741 -1.7138 -1.442345 -0.959735 -0.477125 0.170805 0.818735 1.234 1.4166 1.5992 1.511435 1.42367 1.317615 1.19327 1.068925 0.937855 0.806785 0.50104 0.020619999999996 -0.4598 -1.06558 -1.67136 -2.29458 -2.93524 -3.5759 -4.319915 -5.06393 -5.92665 -6.908075 -7.8895 -8.336265 -8.78303 -8.61513 -7.832565 -7.05 -5.90586
0.688 0.533365 0.37873 1.12099 2.760145 4.3993 5.255565 6.11183 7.09317 8.199585 9.306 8.91765 8.5293 7.9166 7.07955 6.2425 5.26699 4.29148 3.19762 1.98541 0.7732 0.53208 0.29096 0.21177 0.29451 0.37725 0.805815 1.23438 1.49052 1.574235 1.65795 1.436265 1.21458 1.00198 0.798465 0.59495 0.188795 -0.21736 -0.63361 -1.059955 -1.4863 -1.827595 -2.16889 -2.53272 -2.919085 -3.30545 -3.77837 -4.25129 -4.90445 -5.73785 -6.57125 -7.060845 -7.55044 -7.438455 -6.72489 -6.011325 -4.936065
-0.217 -0.63079 -1.04458 -0.091320000000001 2.22899 4.5493 5.5104 6.4715 7.74798 9.33984 10.9317 11.08457 11.23744 10.78604 9.73037 8.6747 7.7153 6.7559 5.59752 4.24016 2.8828 2.43754 1.99228 1.69132 1.53466 1.378 1.57403 1.77006 1.87144 1.87817 1.8849 1.49604 1.10718 0.75961 0.45333 0.14705 -0.53442 -1.21589 -1.7493 -2.13465 -2.52 -2.53751 -2.55502 -2.61494 -2.71727 -2.8196 -3.09437 -3.36914 -3.88232 -4.63391 -5.3855 -5.93512 -6.48474 -6.46744 -5.88322 -5.299 -4.32101
-1.29 -2.1051 -2.9202 -1.765 1.3605 4.486 5.86335 7.2407 8.8902 10.81185 12.7335 13.4611 14.1887 13.7672 12.1966 10.626 9.5766 8.5272 7.3004 5.8962 4.492 3.94715 3.4023 2.9849 2.69495 2.405 2.3455 2.286 2.2625 2.275 2.2875 1.71405 1.1406 0.628 0.17625 -0.2755 -1.20305 -2.1306 -2.7749 -3.13595 -3.497 -3.1926 -2.8882 -2.638 -2.442 -2.246 -2.3669 -2.4878 -2.8991 -3.6008 -4.3025 -4.9244 -5.5463 -5.67065 -5.29745 -4.92425 -4.07065
-2.396 -3.48566 -4.57532 -3.43343 -0.05999 3.31345 5.88637 8.45929 10.46038 11.88964 13.3189 14.27619 15.23348 15.00145 13.5801 12.15875 10.99559 9.83243 8.46844 6.90362 5.3388 4.74967 4.16054 3.73228 3.46489 3.1975 2.95636 2.71522 2.55446 2.47408 2.3937 1.75764 1.12158 0.50936 -0.079020000000002 -0.6674 -1.72109 -2.77478 -3.45038 -3.74789 -4.0454 -3.56187 -3.07834 -2.66519 -2.32242 -1.97965 -1.99984 -2.02003 -2.3651 -3.03505 -3.705 -4.38977 -5.07454 -5.33504 -5.17127 -5.0075 -4.25599
-3.7495 -4.59073 -5.43196 -4.460115 -1.675195 1.109725 4.750235 8.390745 10.72628 11.75684 12.7874 13.67369 14.55998 14.6814 14.03795 13.3945 12.15322 10.91194 9.40464 7.63132 5.858 5.148675 4.43935 3.99015 3.801075 3.612 3.406255 3.20051 2.99006 2.774905 2.55975 1.903065 1.24638 0.55992 -0.156315 -0.87255 -1.964405 -3.05626 -3.70817 -3.920135 -4.1321 -3.58032 -3.02854 -2.559765 -2.173995 -1.788225 -1.77183 -1.755435 -2.09129 -2.779395 -3.4675 -4.186385 -4.90527 -5.229155 -5.15804 -5.086925 -4.366
-5.218 -5.46916 -5.72032 -4.892375 -2.985325 -1.078275 3.23766 7.553595 10.10151 10.881405 11.6613 12.367455 13.07361 13.57922 13.884285 14.18935 12.877735 11.56612 9.95221 8.036005 6.1198 5.35578 4.59176 4.153425 4.040775 3.928125 3.822125 3.716125 3.52593 3.25154 2.97715 2.32495 1.67275 0.92649 0.086169999999997 -0.75415 -1.795565 -2.83698 -3.43127 -3.578435 -3.7256 -3.243345 -2.76109 -2.344095 -1.99236 -1.640625 -1.60395 -1.567275 -1.89095 -2.574975 -3.259 -3.966015 -4.67303 -5.0079 -4.970625 -4.93335 -4.22912
-6.591 -6.10506 -5.61912 -4.81075 -3.67995 -2.54915 1.93935 6.42785 9.00648 9.67524 10.344 10.9671 11.5902 12.41793 13.45029 14.48265 13.09998 11.71731 10.0483 8.09295 6.1376 5.43677 4.73594 4.36517 4.32446 4.28375 4.24268 4.20161 4.06994 3.84767 3.6254 3.00788 2.39036 1.61438 0.67994 -0.2545 -1.1594 -2.0643 -2.57696 -2.69738 -2.8178 -2.53048 -2.24316 -1.97333 -1.72099 -1.46865 -1.42014 -1.37163 -1.6542 -2.26785 -2.8815 -3.52023 -4.15896 -4.47864 -4.47927 -4.4799 -3.8301
-7.58 -6.4178 -5.2556 -4.329 -3.638 -2.947 1.254 5.455 7.8684 8.4942 9.12 9.978 10.836 11.8714 13.0842 14.297 12.8534 11.4098 9.724 7.796 5.868 5.3116 4.7552 4.5166 4.5958 4.675 4.6184 4.5618 4.4812 4.3766 4.272 3.7464 3.2208 2.4874 1.5462 0.605 -0.083000000000001 -0.771 -1.1768 -1.3004 -1.424 -1.4054 -1.3868 -1.3354 -1.2512 -1.167 -1.1472 -1.1274 -1.348 -1.809 -2.27 -2.7804 -3.2908 -3.6012 -3.7116 -3.822 -3.31
-7.567 -6.0772 -4.5874 -3.63701 -3.22603 -2.81505 0.75768 4.33041 6.43884 7.08297 7.7271 8.90241 10.07772 11.16266 12.15723 13.1518 11.9008 10.6498 9.08068 7.19344 5.3062 4.71849 4.13078 3.93864 4.14207 4.3455 4.22783 4.11016 4.08294 4.14617 4.2094 3.86653 3.52366 2.95332 2.15551 1.3577 0.94387 0.53004 0.22162 0.01861 -0.1844 -0.402 -0.6196 -0.77511 -0.86853 -0.96195 -1.08309 -1.20423 -1.45754 -1.84302 -2.2285 -2.62158 -3.01466 -3.31953 -3.53619 -3.75285 -3.43493
-6.921 -5.20071 -3.48042 -2.540365 -2.380545 -2.220725 0.508935 3.238595 4.95747 5.66556 6.37365 7.755165 9.13668 10.145205 10.78074 11.416275 10.606275 9.796275 8.49094 6.69027 4.8896 4.162145 3.43469 3.19517 3.443585 3.692 3.57101 3.45002 3.47855 3.6566 3.83465 3.64949 3.46433 3.09251 2.53403 1.97555 1.800655 1.62576 1.39393 1.105165 0.8164 0.43007 0.04374 -0.281315 -0.545095 -0.808875 -1.117575 -1.426275 -1.76775 -2.142 -2.51625 -2.816115 -3.11598 -3.40323 -3.677865 -3.9525 -3.76224
-5.8875 -4.07088 -2.25426 -1.369115 -1.415445 -1.461775 0.40276 2.267295 3.57775 4.334125 5.0905 6.541775 7.99305 8.89201 9.238655 9.5853 9.331245 9.07719 8.08707 6.360885 4.6347 3.720315 2.80593 2.46744 2.704845 2.94225 2.833635 2.72502 2.80111 3.061905 3.3227 3.29624 3.26978 3.1077 2.81 2.5123 2.46353 2.41476 2.19812 1.81361 1.4291 0.94567 0.46224 0.030490000000001 -0.34958 -0.72965 -1.2008 -1.67195 -2.09812 -2.47931 -2.8605 -3.05549 -3.25048 -3.46751 -3.70658 -3.94565 -3.819895
-4.619 -2.88038 -1.14176 -0.35941 -0.53333 -0.70725 0.38903 1.48531 2.40002 3.13316 3.8663 5.24573 6.62516 7.45879 7.74662 8.03445 8.28096 8.52747 7.81674 6.14877 4.4808 3.39231 2.30382 1.86111 2.06418 2.26725 2.1711 2.07495 2.17732 2.47821 2.7791 2.90645 3.0338 3.07882 3.04151 3.0042 2.96387 2.92354 2.65166 2.14823 1.6448 1.12463 0.60446 0.13618 -0.28021 -0.6966 -1.26255 -1.8285 -2.29728 -2.66889 -3.0405 -3.0988 -3.1571 -3.23155 -3.32215 -3.41275 -3.30114
