data/closos/closos_3.grd
DSAA
241 481
0 30
0 60
-654.28387584156 2926.2039545045
[rows 22 to 43 of 481, columns 147 to 195 of 241]
0.62222673888684 -0.33939644279616 -1.7046452335584 -3.030099553494 -3.7012390566109 -3.6462647999644 -3.0782209145729 -2.3112101919179 -1.264106951599 -0.35499873516364 0.23666529063076 0.55561040412479 0.77130574049976 0.40647313309107 -0.56768700589845 -0.51371647574652 -0.077909209380222 0.55185994891122 1.3437156859296 2.1940528404523 2.9407644191792 3.5019283115578 3.7400526834171 3.5114902357621 3.4700862104271 3.5173128383585 3.7001207581658 4.055062419598 4.6148988151173 5.2984984539364 5.4608914084003 4.779314670743 4.4781256262563 4.2408796306533 3.7101695961055 3.2770663454774 3.0156681827889 2.9831154974874 3.1774705278476 3.0131629221106 2.8654177116834 3.5586765318258 5.3214973559744 6.1062042723068 5.8916606451005 5.3303083366834 4.9419620741206 4.0364358492462 3.1680906859297
0.80558243619457 0.06144213233666 -1.2021855697026 -2.5277838666669 -3.2686495389715 -3.2089026053947 -2.605710764779 -1.8212166187181 -0.77006317979883 0.11257440645788 0.66792479556323 0.92279162711683 1.0371158195749 0.42416956330277 -0.88120131097314 -0.90061035081453 -0.63346143404522 -0.23652211767169 0.29847086809045 0.90321763840034 1.4838903509213 2.032769580402 2.4600501865578 2.5440829126884 2.6315039632538 2.615576688861 2.7308914370812 3.1217192663317 3.7162862339824 4.3909082110553 4.7829886758794 4.5222089072446 4.3998198918551 4.1458505791457 3.6820325122487 3.2837474646147 2.8272734670226 2.2775625033501 1.9226177352387 1.4867093417086 1.1902886455086 1.6120810423413 2.9913620135654 4.1655830278007 4.5300008539573 4.1811421306533 3.9624051488693 3.258645438861 2.6085200201005
0.98847448671488 0.49887553913041 -0.63212415244744 -1.9529249183857 -2.7830909847996 -2.7168941322697 -2.0459917263103 -1.221885449791 -0.18872476968686 0.62843701237663 1.1140317926466 1.2770481033668 1.2559551777233 0.3954615180236 -1.1964711022273 -1.3023791005361 -1.2362958090452 -1.1145325343384 -0.88393538190955 -0.56231465326633 -0.15102214907872 0.42300708040202 1.0830283115578 1.5126402043551 1.7286836507538 1.6484287721943 1.6854450829146 2.0735442663317 2.6553044631491 3.2628665443886 3.8850261758794 4.1033391155779 4.2014527043551 3.9660068291457 3.6392767830821 3.3315839229481 2.6957844045226 1.5962583366834 0.66935471440535 0.0028593417085476 -0.38741499033203 -0.27757516240871 0.57808547793418 2.1209892451445 3.0975951247906 2.9699171306533 2.920587440536 2.447645438861 2.0576450201005
1.4681948965678 0.99911427628508 0.11572721604147 -0.58956242425016 -0.79975719729703 -0.54196177259212 -0.098037599081338 0.38532900932856 1.1943327554413 1.9192568687759 2.3885573353349 2.54474582235 2.5467802063953 1.6982331826319 1.70141E+038 1.70141E+038 1.70141E+038 1.70141E+038 1.70141E+038 1.70141E+038 1.70141E+038 1.70141E+038 1.70141E+038 1.70141E+038 1.70141E+038 1.70141E+038 1.70141E+038 1.70141E+038 1.70141E+038 1.70141E+038 1.70141E+038 1.70141E+038 1.70141E+038 1.70141E+038 1.70141E+038 1.70141E+038 1.70141E+038 1.70141E+038 1.70141E+038 1.70141E+038 1.70141E+038 0.37125055084276 0.82343071075162 1.8510781492881 2.6411198944724 2.7075394924623 2.8176368542714 2.572879866206 2.4907877650754
1.9886231957006 1.5079663158892 0.88796120641387 0.88193769903109 1.3889857650623 1.8637715772412 2.0403030546061 2.1307674625317 2.6873403306288 3.3163565766697 3.7766945642776 3.9377154831938 3.984620412739 1.70141E+038 1.70141E+038 1.70141E+038 1.70141E+038 1.70141E+038 1.70141E+038 1.70141E+038 1.70141E+038 1.70141E+038 1.70141E+038 1.70141E+038 1.70141E+038 1.70141E+038 1.70141E+038 1.70141E+038 1.70141E+038 1.70141E+038 1.70141E+038 1.70141E+038 1.70141E+038 1.70141E+038 1.70141E+038 1.70141E+038 1.70141E+038 1.70141E+038 1.70141E+038 1.70141E+038 1.70141E+038 1.3682109271344 1.4333869289563 1.8245521076214 2.318486561139 2.5752894924623 2.8434451876047 2.8265121578727 3.0588815150754
2.6409584277814 2.5849580643893 2.3770056449079 2.4698213799285 2.7638567446244 2.9487787239807 2.9557932943046 2.884901019714 3.019371887912 3.0341396759295 2.9202710360034 2.8027371711475 2.7723391177575 1.70141E+038 1.70141E+038 1.70141E+038 1.70141E+038 1.70141E+038 1.70141E+038 1.70141E+038 1.70141E+038 1.70141E+038 1.70141E+038 1.70141E+038 1.70141E+038 1.70141E+038 1.70141E+038 1.70141E+038 1.70141E+038 1.70141E+038 1.70141E+038 1.70141E+038 1.70141E+038 1.70141E+038 1.70141E+038 1.70141E+038 1.70141E+038 1.70141E+038 1.70141E+038 1.70141E+038 1.70141E+038 1.1524543744889 1.1745832468415 1.4257645500419 1.7398903902267 1.9837636440141 2.3397380477387 2.4652192820352 2.7368185439698
3.3131178231955 3.7473349714518 3.9737788212698 4.0751962313348 4.0164117036504 3.8352952274807 3.6875025469296 3.4900523381879 3.1769215003078 2.4995399322732 1.7265146771649 1.2878360423662 1.1617736665075 1.70141E+038 1.70141E+038 1.70141E+038 1.70141E+038 1.70141E+038 1.70141E+038 1.70141E+038 1.70141E+038 1.70141E+038 1.70141E+038 1.70141E+038 1.70141E+038 1.70141E+038 1.70141E+038 1.70141E+038 1.70141E+038 1.70141E+038 1.70141E+038 1.70141E+038 1.70141E+038 1.70141E+038 1.70141E+038 1.70141E+038 1.70141E+038 1.70141E+038 1.70141E+038 1.70141E+038 1.70141E+038 0.75443978628057 0.78521449300248 0.97103017504188 1.1228258159788 1.3232136796141 1.7564505477387 2.0115099070352 2.2809747939698
4.3508968808899 4.8432203669613 5.0624407854136 4.94591298057 4.6611573557453 4.3651896318658 4.1417305306932 3.7639974647097 3.1455622908938 2.2832557710763 1.5772119784829 1.2612623867172 1.2880102724403 1.70141E+038 1.70141E+038 1.70141E+038 1.70141E+038 1.70141E+038 1.70141E+038 1.70141E+038 1.70141E+038 1.70141E+038 1.70141E+038 1.70141E+038 1.70141E+038 1.70141E+038 1.70141E+038 1.70141E+038 1.70141E+038 1.70141E+038 1.70141E+038 1.70141E+038 1.70141E+038 1.70141E+038 1.70141E+038 1.70141E+038 1.70141E+038 1.70141E+038 1.70141E+038 1.70141E+038 1.70141E+038 -2.2957736984925 -2.1515440502513 -1.7397423595059 -1.3822581510371 -1.0508164928548 -0.51687486840452 -0.26319103517589 0.023918065012558
5.4485434856242 5.9282182635029 6.0679032528198 5.6963348358825 5.2063786768808 4.8366897744075 4.5505229850526 3.9837099983972 3.0832706428209 2.1190934596388 1.5989309317563 1.4783914752068 1.6986355193153 1.70141E+038 1.70141E+038 1.70141E+038 1.70141E+038 1.70141E+038 1.70141E+038 1.70141E+038 1.70141E+038 1.70141E+038 1.70141E+038 1.70141E+038 1.70141E+038 1.70141E+038 1.70141E+038 1.70141E+038 1.70141E+038 1.70141E+038 1.70141E+038 1.70141E+038 1.70141E+038 1.70141E+038 1.70141E+038 1.70141E+038 1.70141E+038 1.70141E+038 1.70141E+038 1.70141E+038 1.70141E+038 -5.7802653651591 -5.5054190502512 -4.8199246511725 -4.1964914923074 -3.7054165239548 -3.0669316392378 -2.8360660351759 -2.5280741224874
5.1760060332683 5.6290615917085 5.8873810012563 5.681745226641 5.2740407958451 4.9272321082192 4.690353519355 4.2798244815379 3.6685514543682 2.9676887406674 2.6248437238073 2.5971247707498 2.9170924167871 1.70141E+038 1.70141E+038 1.70141E+038 1.70141E+038 1.70141E+038 1.70141E+038 1.70141E+038 1.70141E+038 1.70141E+038 1.70141E+038 1.70141E+038 1.70141E+038 1.70141E+038 1.70141E+038 1.70141E+038 1.70141E+038 1.70141E+038 1.70141E+038 1.70141E+038 1.70141E+038 1.70141E+038 1.70141E+038 1.70141E+038 1.70141E+038 1.70141E+038 1.70141E+038 1.70141E+038 1.70141E+038 1.70141E+038 -7.5908390197864 -7.1598034513191 -6.71638699536 -6.2423110048266 -5.5338799354062 -5.095418788526 -4.6035595574749
4.6602406417839 5.0841970083752 5.4963289179229 5.5313547657035 5.2569290919389 4.9501487955109 4.7824393341206 4.5895014409129 4.3687859569723 3.9960634759799 3.8290157771796 3.8759061503853 4.2789513824121 1.70141E+038 1.70141E+038 1.70141E+038 1.70141E+038 1.70141E+038 1.70141E+038 1.70141E+038 1.70141E+038 1.70141E+038 1.70141E+038 1.70141E+038 1.70141E+038 1.70141E+038 1.70141E+038 1.70141E+038 1.70141E+038 1.70141E+038 1.70141E+038 1.70141E+038 1.70141E+038 1.70141E+038 1.70141E+038 1.70141E+038 1.70141E+038 1.70141E+038 1.70141E+038 1.70141E+038 1.70141E+038 1.70141E+038 -9.4510894572864 -9.3682674304858 -9.1840331780188 -8.7583110093266 -7.9860752479062 -7.2991167051926 -6.5944579949749
3.2653045588452 3.6962275545373 4.2717261228999 4.6441633190531 4.6987589011756 4.6266836946736 4.5743118184781 4.5165329659783 4.4923679257492 4.2937555785644 4.2327661423777 4.3931238390828 5.0114215237688 1.70141E+038 1.70141E+038 1.70141E+038 1.70141E+038 1.70141E+038 1.70141E+038 1.70141E+038 1.70141E+038 1.70141E+038 1.70141E+038 1.70141E+038 1.70141E+038 1.70141E+038 1.70141E+038 1.70141E+038 1.70141E+038 1.70141E+038 1.70141E+038 1.70141E+038 1.70141E+038 1.70141E+038 1.70141E+038 1.70141E+038 1.70141E+038 1.70141E+038 1.70141E+038 1.70141E+038 1.70141E+038 1.70141E+038 -8.0927538261118 -8.4210741124393 -8.5141803045121 -8.0969681708543 -7.3008210001047 -6.6535283519682 -5.9924440973618
1.7019046308374 2.1467050716206 2.8874010358166 3.6157884499906 4.0369128326912 4.2368460356319 4.3086583952125 4.3702432102179 4.505453600619 4.4514366377519 4.4831422918777 4.764413155864 5.6232902137689 1.70141E+038 1.70141E+038 1.70141E+038 1.70141E+038 1.70141E+038 1.70141E+038 1.70141E+038 1.70141E+038 1.70141E+038 1.70141E+038 1.70141E+038 1.70141E+038 1.70141E+038 1.70141E+038 1.70141E+038 1.70141E+038 1.70141E+038 1.70141E+038 1.70141E+038 1.70141E+038 1.70141E+038 1.70141E+038 1.70141E+038 1.70141E+038 1.70141E+038 1.70141E+038 1.70141E+038 1.70141E+038 1.70141E+038 -6.1176831398618 -6.8692039470226 -7.2431300070694 -6.8267931708543 -6.0143788126047 -5.4619689769682 -4.8935847223618
0.48228922146527 1.103513739959 1.9556820011249 2.7970838454067 3.3452248135599 3.6371241976958 3.8053826113375 4.0171785806132 4.3845462848481 4.6264055250926 4.7972558540724 4.9934350709179 5.564359330402 1.70141E+038 1.70141E+038 1.70141E+038 1.70141E+038 1.70141E+038 1.70141E+038 1.70141E+038 1.70141E+038 1.70141E+038 1.70141E+038 1.70141E+038 1.70141E+038 1.70141E+038 1.70141E+038 1.70141E+038 1.70141E+038 1.70141E+038 1.70141E+038 1.70141E+038 1.70141E+038 1.70141E+038 1.70141E+038 1.70141E+038 1.70141E+038 1.70141E+038 1.70141E+038 1.70141E+038 1.70141E+038 1.70141E+038 -4.0773174845163 -4.5409081592441 -4.5960573011185 -4.0510553567839 -3.1567469266122 -2.5708266873953 -2.1329100207286
-0.66648574164254 0.16465731219229 1.1172272438957 2.0215840225942 2.6473875439922 2.9941534986541 3.2531422198219 3.6215057951861 4.2360282922179 4.8049367527801 5.1245031861558 5.1931412789491 5.367203080402 1.70141E+038 1.70141E+038 1.70141E+038 1.70141E+038 1.70141E+038 1.70141E+038 1.70141E+038 1.70141E+038 1.70141E+038 1.70141E+038 1.70141E+038 1.70141E+038 1.70141E+038 1.70141E+038 1.70141E+038 1.70141E+038 1.70141E+038 1.70141E+038 1.70141E+038 1.70141E+038 1.70141E+038 1.70141E+038 1.70141E+038 1.70141E+038 1.70141E+038 1.70141E+038 1.70141E+038 1.70141E+038 -1.630580703325 -2.0234971082663 -2.0526216371608 -1.6654405837174 -0.96508035678391 0.024645260887779 0.67053268760468 0.97019935427135
-1.9289640356358 -1.0357873996201 0.049479588278836 1.1108819535757 1.9369070601202 2.3962944864083 2.6273850709618 2.8464714113948 3.398815214428 4.0830674056721 4.6694157646545 4.9974003998669 5.3341719246813 6.1405613030758 1.70141E+038 1.70141E+038 1.70141E+038 1.70141E+038 1.70141E+038 1.70141E+038 1.70141E+038 1.70141E+038 1.70141E+038 1.70141E+038 1.70141E+038 1.70141E+038 1.70141E+038 1.70141E+038 1.70141E+038 1.70141E+038 1.70141E+038 1.70141E+038 1.70141E+038 1.70141E+038 1.70141E+038 1.70141E+038 1.70141E+038 0.7246926122278 0.44425936788106 -0.093584549623113 -0.46149065644522 -0.73917595206491 -0.77603916645728 -0.42919333835845 0.14044793572028 0.77729137688444 1.4772012072864 1.7175642883166 1.7439803687186
-3.2165547217264 -2.2940062109764 -1.0689094436691 0.17031926576319 1.2236342098988 1.8083987914916 1.9853910922586 1.9876516439156 2.409497700652 3.1623365819221 4.0415427534045 4.7143215138148 5.3373892560407 6.3174367293258 1.70141E+038 1.70141E+038 1.70141E+038 1.70141E+038 1.70141E+038 1.70141E+038 1.70141E+038 1.70141E+038 1.70141E+038 1.70141E+038 1.70141E+038 1.70141E+038 1.70141E+038 1.70141E+038 1.70141E+038 1.70141E+038 1.70141E+038 1.70141E+038 1.70141E+038 1.70141E+038 1.70141E+038 1.70141E+038 1.70141E+038 1.4254884455611 0.97556665954772 0.38193732537689 0.03223173844681 -0.084994705403868 0.29332645854271 1.0032233283082 1.6979302273869 2.2229163768844 2.5479282906198 2.2799590799833 2.0033084937186
-2.5857499022295 -1.6476279719973 -0.5795715757126 0.34687100880968 1.0352267004379 1.3487838170318 1.364275856116 1.2464670811718 1.5406307007926 2.1951257116278 3.1253424732461 3.9914199460616 4.6022312494734 5.4988488909506 6.6964584623116 6.7539579440955 6.9548212292714 7.3044804577052 7.8816520474246 8.3486142136141 8.2649836959317 1.70141E+038 1.70141E+038 1.70141E+038 1.70141E+038 1.70141E+038 1.70141E+038 1.70141E+038 1.70141E+038 1.70141E+038 1.70141E+038 1.70141E+038 1.70141E+038 1.70141E+038 1.70141E+038 1.70141E+038 1.70141E+038 1.321156180067 0.93191669095476 0.49534067022613 0.40299442995409 0.75243866092497 1.5282404346734 2.3390602211055 3.0373613465243 3.4815710251256 3.4646713130234 2.7372386706449 2.0154859434673
-1.5021560814139 -0.55171750995772 0.28922978414677 0.78708951193467 0.970700451529 0.91944627969849 0.74808852194409 0.5330473493593 0.70019301477702 1.2169443955653 2.1410897942148 3.1647092981554 3.6927983184265 4.4453069901173 5.7175834623116 5.8002298190955 6.1029701876047 6.6091492077052 7.3394254849246 7.9797818136453 8.0771083446817 1.70141E+038 1.70141E+038 1.70141E+038 1.70141E+038 1.70141E+038 1.70141E+038 1.70141E+038 1.70141E+038 1.70141E+038 1.70141E+038 1.70141E+038 1.70141E+038 1.70141E+038 1.70141E+038 1.70141E+038 1.8163020552764 1.026793680067 0.7525625242881 0.52327504522613 0.74473557656309 1.6331240803431 2.8022279346734 3.6521018877722 4.3253269715243 4.6960960251256 4.3450702713568 3.1697084623116 1.9693296934673
-1.155460402705 -0.37247405761104 0.24316585976088 0.65266866057651 0.87416672599495 1.0070617974833 1.0214884035423 0.83078729840217 0.92502606854586 1.2670897290868 1.7787196113792 2.3622202155714 2.7338053016976 3.5444065680905 4.8256449415829 4.872351678392 5.1898811748325 5.6828568082077 6.4123392726131 7.1196915828633 7.4151358313133 7.036579379397 6.158241269577 4.9369387020519 3.9190060047111 3.2324932194305 2.9216428346943 2.9006913454774 3.0241759298576 3.1637492914573 3.2510981058417 3.1322092213149 3.1934967265494 3.2057532173367 3.0074858649497 2.5950979880653 1.9471217396357 1.2643188056951 0.92121228350083 0.49822856206127 0.50956572761544 1.0584418158714 1.8320170828008 2.5249671519063 3.3361802221524 4.0717141155779 4.2347649818886 3.5858063475712 2.7172558476759
-0.99414790440035 -0.42383865801728 -0.033052853114373 0.37368444959995 0.76958080508349 1.2247283983166 1.5186838111204 1.3829070413709 1.4178517612542 1.5759335908056 1.5727978552594 1.5658246085401 1.7623443388851 2.6819065180905 3.9555772332496 3.950976678392 4.2613863831658 4.6984609748744 5.3884330226131 6.1360144764049 6.6338935916258 6.731391879397 6.4665042904104 5.7302459937186 4.9671700672111 4.2454515527638 3.659661063861 3.4722225954774 3.519774888191 3.5550826247906 3.4716840433417 3.1891831796482 3.0359238098827 2.9299719673367 2.8044077399497 2.611374029732 2.1902545521357 1.6356521390285 1.1774102001675 0.45985356111908 0.1292610370183 0.11762931645892 0.2972280291992 0.78395156005733 1.7741750138191 2.9847141155779 3.8752259193886 3.9977855142379 3.6649511601759
-1.1006970579642 -0.60716728174664 -0.36514359755657 -0.09385754137174 0.33807102692199 0.96721359866299 1.5916388297796 1.7979741764762 1.8706959319232 1.8051135765149 1.5431441438936 1.2552446442594 1.2511095333668 1.9639149918844 2.9481410994556 2.9137352839196 3.2070598389866 3.6629349489112 4.4319815464824 5.3650040129816 6.0770453524916 6.2959101582915 6.0213908455821 5.2383787669598 4.3942943369975 3.6597185963149 3.223305486495 3.1311223128141 3.1442720353853 3.2420198107203 3.2607172170226 2.9702072845477 2.7339888015075 2.56987225 2.4980320961055 2.4136553896566 2.1863638407663 1.7871065778894 1.3087493961474 0.42795777005983 -0.28382594596954 -0.7940842721943 -0.93232325439667 -0.5141702347264 0.45014511955614 1.780634718593 2.9589334963359 3.4535636758794 3.3940720380025
