data/closos/closos_1.grd
DSAA
101 201
0 10
0 20
-24.91945 81.152
[rows 50 to 74 of 201, columns 0 to 56 of 101]
-11.85 -10.524 -9.198 -7.8245 -6.4035 -4.9825 -4.336 -3.6895 -3.289 -3.1345 -2.98 -3.843 -4.706 -5.387 -5.886 -6.385 -6.1705 -5.956 -5.331 -4.2955 -3.26 -3.5895 -3.919 -4.602 -5.6385 -6.675 -7.0665 -7.458 -7.568 -7.3965 -7.225 -6.3925 -5.56 -4.601 -3.5155 -2.43 -1.7005 -0.971 -0.487 -0.2485 -0.0099999999999998 -0.032 -0.054000000000001 -0.148 -0.314 -0.48 -0.7455 -1.011 -1.21 -1.3425 -1.475 -1.4555 -1.436 -1.4525 -1.505 -1.5575 -1.6855
-11.849 -10.72229 -9.59558 -8.26519 -6.73112 -5.19705 -4.42482 -3.65259 -3.14964 -2.91597 -2.6823 -3.60863 -4.53496 -5.27922 -5.84141 -6.4036 -6.41956 -6.43552 -5.80328 -4.52284 -3.2424 -3.52405 -3.8057 -4.48597 -5.56486 -6.64375 -7.05797 -7.47219 -7.57366 -7.36238 -7.1511 -6.2679 -5.3847 -4.42869 -3.39987 -2.37105 -1.72983 -1.08861 -0.63516 -0.36948 -0.1038 -0.15159 -0.19938 -0.31673 -0.50364 -0.69055 -0.93484 -1.17913 -1.33592 -1.40521 -1.4745 -1.36139 -1.24828 -1.19417 -1.19906 -1.20395 -1.38223
-11.9935 -11.091235 -10.18897 -8.78178 -6.869665 -4.95755 -4.32755 -3.69755 -3.1787 -2.771 -2.3633 -3.16453 -3.96576 -4.70632 -5.38621 -6.0661 -6.309235 -6.55237 -5.98861 -4.617955 -3.2473 -3.46583 -3.68436 -4.355525 -5.479325 -6.603125 -7.09711 -7.591095 -7.69785 -7.417375 -7.1369 -6.197105 -5.25731 -4.297345 -3.31721 -2.337075 -1.768445 -1.199815 -0.77366 -0.48998 -0.2063 -0.29521 -0.38412 -0.522405 -0.710065 -0.897725 -1.09394 -1.290155 -1.40001 -1.423505 -1.447 -1.280495 -1.11399 -1.01867 -0.994535 -0.9704 -1.144135
-12.1555 -11.454865 -10.75423 -9.15974 -6.671395 -4.18305 -3.849345 -3.51564 -3.0609 -2.485125 -1.90935 -2.554385 -3.19942 -3.911175 -4.68965 -5.468125 -5.835175 -6.202225 -5.74528 -4.46434 -3.1834 -3.34666 -3.50992 -4.17529 -5.34277 -6.51025 -7.106405 -7.70256 -7.81752 -7.451285 -7.08505 -6.10012 -5.11519 -4.14738 -3.19669 -2.246 -1.726875 -1.20775 -0.80907 -0.530835 -0.2526 -0.408355 -0.56411 -0.729575 -0.90475 -1.079925 -1.2033 -1.326675 -1.38089 -1.365945 -1.351 -1.16363 -0.97626 -0.866795 -0.835235 -0.803675 -0.94438
-12.18 -11.65272 -11.12544 -9.30369 -6.18747 -3.07125 -3.02339 -2.97553 -2.61986 -1.95638 -1.2929 -1.85934 -2.42578 -3.10449 -3.89547 -4.68645 -5.03988 -5.39331 -5.06658 -4.05969 -3.0528 -3.18258 -3.31236 -3.9759 -5.1732 -6.3705 -7.04934 -7.72818 -7.84522 -7.40046 -6.9557 -5.94824 -4.94078 -3.96619 -3.02447 -2.08275 -1.58605 -1.08935 -0.7186 -0.4738 -0.229 -0.4653 -0.7016 -0.89879 -1.05687 -1.21495 -1.25359 -1.29223 -1.28624 -1.23562 -1.185 -1.00537 -0.82574 -0.72634 -0.70717 -0.688 -0.79109
-11.885 -11.53985 -11.1947 -9.2374 -5.66795 -2.0985 -2.1109 -2.1233 -1.8181 -1.1953 -0.5725 -1.198 -1.8235 -2.4648 -3.1219 -3.779 -4.0127 -4.2464 -4.0808 -3.5159 -2.951 -3.07385 -3.1967 -3.854 -5.04575 -6.2375 -6.9304 -7.6233 -7.7291 -7.2478 -6.7665 -5.76405 -4.7616 -3.78815 -2.8437 -1.89925 -1.3973 -0.89535 -0.5501 -0.36155 -0.173 -0.4691 -0.7652 -0.9866 -1.1333 -1.28 -1.24565 -1.2113 -1.1528 -1.07015 -0.9875 -0.84405 -0.7006 -0.6321 -0.63855 -0.645 -0.72735
-10.877 -10.66562 -10.45424 -8.64173 -5.22809 -1.81445 -1.48448 -1.15451 -0.76651999999999 -0.32051 0.1255 -0.5291 -1.1837 -1.73851 -2.19353 -2.64855 -2.89824 -3.14793 -3.23886 -3.17103 -3.1032 -3.21427 -3.32534 -3.86545 -4.8346 -5.80375 -6.46058 -7.11741 -7.24552 -6.84491 -6.4443 -5.49366 -4.54302 -3.62453 -2.73819 -1.85185 -1.34716 -0.84247 -0.50422 -0.33241 -0.1606 -0.43487 -0.70914 -0.89937 -1.00556 -1.11175 -1.04338 -0.97501 -0.90366 -0.82933 -0.755 -0.67326 -0.59152 -0.56637 -0.59781 -0.62925 -0.69047
-9.3635 -9.099275 -8.83505 -7.291365 -4.46822 -1.645075 -0.980325 -0.315575 0.1407 0.3885 0.6363 0.085530000000001 -0.46524 -0.90638 -1.23789 -1.5694 -1.975615 -2.38183 -2.75887 -3.106735 -3.4546 -3.51678 -3.57896 -3.936615 -4.589745 -5.242875 -5.8635 -6.484125 -6.6597 -6.390225 -6.12075 -5.273085 -4.42542 -3.592055 -2.77299 -1.953925 -1.447005 -0.940085 -0.58452 -0.38031 -0.1761 -0.40985 -0.6436 -0.792745 -0.857285 -0.921825 -0.829695 -0.737565 -0.65875 -0.59325 -0.52775 -0.497115 -0.46648 -0.482955 -0.54654 -0.610125 -0.639895
-7.7955 -7.34544 -6.89538 -5.63098 -3.55224 -1.4735 -0.627475 0.21855 0.70259 0.824645 0.9467 0.627245 0.30779 -0.013289999999997 -0.335995 -0.6587 -1.291685 -1.92467 -2.56009 -3.197945 -3.8358 -3.85268 -3.86956 -4.05875 -4.42025 -4.78175 -5.343265 -5.90478 -6.11222 -5.965585 -5.81895 -5.085825 -4.3527 -3.607675 -2.85075 -2.093825 -1.58777 -1.081715 -0.70487 -0.457235 -0.2096 -0.399045 -0.58849 -0.705335 -0.74958 -0.793825 -0.6877 -0.581575 -0.49331 -0.422905 -0.3525 -0.351255 -0.35001 -0.39588 -0.488865 -0.58185 -0.584095
-6.5 -5.82998 -5.15996 -4.1126 -2.6879 -1.2632 -0.41952 0.42416 0.90168 1.01304 1.1244 1.09729 1.07018 0.85523 0.45244 0.049649999999998 -0.75288 -1.55541 -2.38138 -3.23079 -4.0802 -4.0981 -4.116 -4.20016 -4.35058 -4.501 -4.98351 -5.46602 -5.68058 -5.62719 -5.5738 -4.92877 -4.28374 -3.60626 -2.89633 -2.1864 -1.68459 -1.18278 -0.79482 -0.52071 -0.2466 -0.40008 -0.55356 -0.65767 -0.71241 -0.76715 -0.65654 -0.54593 -0.4395 -0.33725 -0.235 -0.23193 -0.22886 -0.28308 -0.39459 -0.5061 -0.49264
-5.68 -4.9 -4.12 -3.1956 -2.1268 -1.058 -0.3146 0.4288 0.904 1.111 1.318 1.5168 1.7156 1.573 1.089 0.605 -0.1252 -0.8554 -1.7812 -2.9026 -4.024 -4.134 -4.244 -4.3062 -4.3206 -4.335 -4.7474 -5.1598 -5.3792 -5.4056 -5.432 -4.8122 -4.1924 -3.5406 -2.8568 -2.173 -1.6768 -1.1806 -0.7996 -0.5338 -0.268 -0.4032 -0.5384 -0.6522 -0.7446 -0.837 -0.7314 -0.6258 -0.4864 -0.3132 -0.14 -0.096 -0.052000000000001 -0.086400000000002 -0.1992 -0.312 -0.2962
-5.172 -4.392 -3.612 -2.76588 -1.85364 -0.9414 -0.21253 0.51634 1.00994 1.26827 1.5266 1.78156 2.03652 1.94668 1.51204 1.0774 0.60445 0.1315 -0.85646 -2.35943 -3.8624 -4.05655 -4.2507 -4.33912 -4.32181 -4.3045 -4.6768 -5.0491 -5.2823 -5.3764 -5.4705 -4.90164 -4.33278 -3.69397 -2.98521 -2.27645 -1.74697 -1.21749 -0.83416 -0.59698 -0.3598 -0.54236 -0.72492 -0.87243 -0.98489 -1.09735 -0.98116 -0.86497 -0.6777 -0.41935 -0.161 -0.032419999999999 0.096160000000001 0.11488 0.02374 -0.067399999999999 -0.025229999999999
-4.6505 -3.931925 -3.21335 -2.45478 -1.656215 -0.85765 -0.106005 0.64564 1.15422 1.419735 1.68525 1.945475 2.2057 2.160565 1.81007 1.459575 0.966045 0.472515 -0.58476 -2.20578 -3.8268 -4.052 -4.2772 -4.399715 -4.419545 -4.439375 -4.781385 -5.123395 -5.34623 -5.44989 -5.55355 -5.062225 -4.5709 -3.97505 -3.274675 -2.5743 -2.00983 -1.44536 -1.05682 -0.84421 -0.6316 -0.82426 -1.01692 -1.150395 -1.224685 -1.298975 -1.18394 -1.068905 -0.86891 -0.583955 -0.299 -0.093084999999999 0.11283 0.18773 0.131615 0.0755 0.165955
-3.9095 -3.33971 -2.76992 -2.129735 -1.419155 -0.708575 0.061210000000002 0.830995 1.34497 1.603135 1.8613 2.11158 2.36186 2.358035 2.100105 1.842175 1.225285 0.608395 -0.51404 -2.14202 -3.77 -4.028115 -4.28623 -4.46268 -4.557465 -4.65225 -4.96128 -5.27031 -5.44614 -5.48877 -5.5314 -5.135055 -4.73871 -4.21089 -3.551595 -2.8923 -2.30133 -1.71036 -1.32168 -1.13529 -0.9489 -1.126705 -1.30451 -1.390645 -1.38511 -1.379575 -1.262245 -1.144915 -0.9515 -0.682 -0.4125 -0.14661 0.11928 0.247785 0.238905 0.230025 0.381895
-2.958 -2.5875 -2.217 -1.7249 -1.1112 -0.4975 0.26209 1.02168 1.53106 1.79023 2.0494 2.32084 2.59228 2.64669 2.48407 2.32145 1.54925 0.77705 -0.42436 -2.05498 -3.6856 -4.00022 -4.31484 -4.56137 -4.73981 -4.91825 -5.17493 -5.43161 -5.52496 -5.45498 -5.385 -5.07729 -4.76958 -4.32303 -3.73764 -3.15225 -2.54445 -1.93665 -1.55124 -1.38822 -1.2252 -1.39068 -1.55616 -1.59204 -1.49832 -1.4046 -1.26936 -1.13412 -0.9439 -0.6987 -0.4535 -0.13838 0.17674 0.35911 0.40873 0.45835 0.66849
-2.02 -1.79965 -1.5793 -1.24115 -0.7852 -0.32925 0.38635 1.10195 1.6021 1.8868 2.1715 2.55215 2.9328 3.09835 3.0488 2.99925 2.0064 1.01355 -0.3279 -2.01795 -3.708 -4.0912 -4.4744 -4.7878 -5.0314 -5.275 -5.4391 -5.6032 -5.5934 -5.4097 -5.226 -4.96215 -4.6983 -4.3275 -3.84975 -3.372 -2.7492 -2.1264 -1.7364 -1.5792 -1.422 -1.62035 -1.8187 -1.84775 -1.7075 -1.56725 -1.38935 -1.21145 -0.9915 -0.7295 -0.4675 -0.090549999999998 0.2864 0.5342 0.65285 0.7715 1.013
-1.55 -1.3394 -1.1288 -0.93587 -0.76061 -0.58535 0.18394 0.95323 1.49236 1.80133 2.1103 2.78913 3.46796 3.9083 4.11015 4.312 2.8924 1.4728 -0.16544 -2.02232 -3.8792 -4.344 -4.8088 -5.16426 -5.41038 -5.6565 -5.66991 -5.68332 -5.5296 -5.20875 -4.8879 -4.56027 -4.23264 -3.90873 -3.58854 -3.26835 -2.69256 -2.11677 -1.75566 -1.60923 -1.4628 -1.72852 -1.99424 -2.03755 -1.85845 -1.67935 -1.47823 -1.27711 -1.04264 -0.77482 -0.507 -0.038159999999997 0.43068 0.77406 0.99198 1.2099 1.44823
-1.3725 -1.164045 -0.95559 -0.89657 -0.986985 -1.0774 -0.246425 0.58455 1.16695 1.500775 1.8346 2.87986 3.92512 4.775385 5.430655 6.085925 4.415075 2.744225 0.72164 -1.65268 -4.027 -4.6202 -5.2134 -5.606825 -5.800475 -5.994125 -5.83754 -5.680955 -5.34802 -4.838735 -4.32945 -3.91698 -3.50451 -3.199215 -3.001095 -2.802975 -2.333085 -1.863195 -1.58382 -1.49496 -1.4061 -1.707795 -2.00949 -2.037615 -1.79217 -1.546725 -1.35573 -1.164735 -0.95494 -0.726345 -0.49775 0.058690000000003 0.61513 1.05955 1.39195 1.72435 1.938255
-1.2595 -1.12066 -0.98182 -1.06395 -1.36705 -1.67015 -0.78201 0.10613 0.72978 1.08894 1.4481 2.887035 4.32597 5.58727 6.670935 7.7546 6.175715 4.59683 2.24077 -0.892465 -4.0257 -4.81777 -5.60984 -6.05275 -6.1465 -6.24025 -5.92622 -5.61219 -5.11581 -4.43708 -3.75835 -3.268885 -2.77942 -2.4575 -2.303125 -2.14875 -1.797875 -1.447 -1.27133 -1.270865 -1.2704 -1.57732 -1.88424 -1.88779 -1.58797 -1.28815 -1.13005 -0.97195 -0.79552 -0.60076 -0.406 0.22709 0.86018 1.388615 1.812395 2.236175 2.41929
-0.956 -0.9989 -1.0418 -1.29028 -1.74434 -2.1984 -1.26838 -0.33836 0.30572 0.66386 1.022 2.82525 4.6285 6.18064 7.48167 8.7827 7.445 6.1073 3.56016 -0.19642000000001 -3.953 -4.9509 -5.9488 -6.42765 -6.38745 -6.34725 -5.91957 -5.49189 -4.88858 -4.10964 -3.3307 -2.78257 -2.23444 -1.86216 -1.66573 -1.4693 -1.21348 -0.95766 -0.8764 -0.9697 -1.063 -1.35036 -1.63772 -1.61733 -1.28919 -0.96105 -0.8511 -0.74115 -0.59614 -0.41607 -0.236 0.45897 1.15394 1.74051 2.21868 2.69685 2.8575
-0.18 -0.531 -0.882 -1.3394 -1.9032 -2.467 -1.5194 -0.5718 0.040600000000001 0.3178 0.595 2.661 4.727 6.3412 7.5036 8.666 7.163 5.66 3.1088 -0.49060000000001 -4.09 -5.15 -6.21 -6.6455 -6.4565 -6.2675 -5.8006 -5.3337 -4.7104 -3.9307 -3.151 -2.5546 -1.9582 -1.5118 -1.2154 -0.919 -0.7059 -0.4928 -0.465 -0.6225 -0.78 -1.0343 -1.2886 -1.2449 -0.9032 -0.5615 -0.5105 -0.4595 -0.3532 -0.1916 -0.030000000000001 0.7111 1.4522 2.0758 2.5819 3.088 3.249
0.78800000000001 0.19169 -0.40462 -1.01347 -1.63486 -2.25625 -1.39534 -0.53443 -0.03988 0.088309999999999 0.2165 2.10675 3.997 5.48657 6.57546 7.66435 6.23293 4.80151 2.48056 -0.72992000000001 -3.9404 -5.12382 -6.30724 -6.73611 -6.41043 -6.08475 -5.65343 -5.22211 -4.63736 -3.89918 -3.161 -2.57201 -1.98302 -1.46863 -1.02884 -0.58905 -0.36713 -0.14521 -0.12848 -0.31694 -0.5054 -0.69783 -0.89026 -0.81176 -0.46233 -0.1129 -0.11206 -0.11122 -0.04754 0.07898 0.2055 0.96472000000001 1.72394 2.36416 2.88538 3.4066 3.58937
1.4545 0.746845 0.039190000000001 -0.64443 -1.304015 -1.9636 -1.229055 -0.49451 -0.13632 -0.154485 -0.17265 1.391835 2.95632 4.365795 5.62026 6.874725 5.411385 3.948045 1.7751 -1.10745 -3.99 -5.20093 -6.41186 -6.80356 -6.37603 -5.9485 -5.60655 -5.2646 -4.743 -4.04175 -3.3405 -2.76306 -2.18562 -1.626565 -1.085895 -0.545225 -0.265435 0.014355000000001 0.07532 -0.08254 -0.2404 -0.361315 -0.48223 -0.383 -0.063624999999998 0.25575 0.19545 0.13515 0.14445 0.22335 0.30225 1.03342 1.76459 2.391685 2.914705 3.437725 3.696775
1.8195 1.09488 0.37026 -0.327095 -0.997185 -1.667275 -1.06461 -0.461945 -0.23514 -0.384195 -0.53325 0.75625 2.04575 3.376055 4.747165 6.118275 4.606875 3.095475 1.03484 -1.57503 -4.1849 -5.28802 -6.39114 -6.712435 -6.251905 -5.791375 -5.54033 -5.289285 -4.84091 -4.195205 -3.5495 -2.992685 -2.43587 -1.84543 -1.221365 -0.5973 -0.21353 0.17024 0.31888 0.23239 0.1459 0.088330000000004 0.030760000000004 0.13217 0.39256 0.65295 0.519165 0.38538 0.33134 0.357045 0.38275 1.075925 1.7691 2.37275 2.886875 3.401 3.75612
1.794 1.12866 0.46332 -0.18587 -0.81891 -1.45195 -0.97747 -0.50299 -0.39334 -0.64852 -0.9037 0.27438 1.45246 2.6652 3.9126 5.16 3.68211 2.20422 0.27738 -2.09841 -4.4742 -5.3387 -6.2032 -6.42701 -6.01013 -5.59325 -5.42187 -5.25049 -4.8872 -4.332 -3.7768 -3.24364 -2.71048 -2.08835 -1.37725 -0.66615 -0.14319 0.37977 0.64404 0.64962 0.6552 0.64477 0.63434 0.72531 0.91768 1.11005 0.89897 0.68789 0.57088 0.54794 0.525 1.18701 1.84902 2.42853 2.92554 3.42255 3.87281
