data/closos/closos_3.grd
DSAA
241 481
0 30
0 60
-654.28387584156 2926.2039545045
[rows 66 to 87 of 481, columns 98 to 146 of 241]
2.7303869750407 2.4105223055688 1.8576708842609 1.0700329625515 0.25429383277889 -0.390010496805 -0.74793871669934 -0.9837942027866 -1.1427204840156 -1.3188908081931 -1.4451194304711 -1.4660878774584 -1.4528721775518 -1.3217538640417 -0.85039874140247 -0.40028247006772 -0.26669567666084 -0.36464409533767 -0.74395338056275 -1.4953658150607 -2.6437951929179 -4.0392203374548 -5.2133868917588 -5.8361601397599 -5.9966918843943 -6.0434286171784 -6.269612667098 -6.2621630307593 -5.6265823467337 -4.4896756068895 -2.9464117017509 -1.3921203647074 -0.11688358502516 0.78151879218506 1.2834055596349 1.7003969004533 1.6946637385301 1.4055961480213 1.5456351758055 1.9908693991986 2.5400293395029 3.3960480574011 4.2686764610281 4.9436753241332 5.39247700944 5.5272510023032 5.5220401403668 5.4267266491672 5.2038031825405
1.5123377522964 1.5462738707863 1.3743146172355 0.90063695558343 0.3070670540201 -0.16538514319363 -0.36255792885669 -0.46431132756243 -0.53062427162015 -0.63997107338674 -0.71078337855575 -0.68470032410681 -0.64962351017943 -0.57567532029675 -0.20834466220183 0.26529491564524 0.61462767367397 0.82983262251384 0.67667443867685 -0.10023684301443 -1.4087415582372 -2.8402713902892 -3.8676346733668 -4.3869156278202 -4.5842859922066 -4.6907752369667 -4.9188438052701 -4.8919578217011 -4.3113552778392 -3.2603842455947 -1.7770253619646 -0.28114023422659 0.9202020302952 1.8113280882012 2.2919820099911 2.5409622367572 2.4657582001861 2.2731322990923 2.3881462601864 2.6030511074058 2.8300711528456 3.449746367215 4.1965965186568 4.744510085848 4.9779681011039 4.8573885318683 4.6138472582086 4.3674456212916 4.0538955105671
-0.23954022700565 0.20598799888003 0.54404378763552 0.52506562252156 0.2394483040201 -0.036516434850188 -0.059903758750017 -0.032780085296798 -0.047360722734717 -0.1387939281784 -0.22424582278573 -0.23475965843653 -0.24298290390805 -0.2711003156561 -0.051152887726803 0.46434651541715 1.158405640299 1.8531735858993 2.0574534819165 1.4186835990871 0.13369309272109 -1.2605870168308 -2.1708221733668 -2.6465443024817 -2.9117080532274 -3.0316736178417 -3.1752310590201 -3.1430747036542 -2.8084924078392 -2.108060958928 -0.90407513575628 0.43360354903125 1.5995664440452 2.5877351779096 3.152356983818 3.3473860530724 3.3179318849413 3.2571632409673 3.303820978874 3.1917539861558 2.9990989790019 3.3247264648868 3.9141071305318 4.309850834598 4.287480825406 3.9163871898266 3.4958473077085 3.1485056893645 2.7489404520358
-1.650206634282 -0.82116323040988 -0.11852047895994 0.1024267988757 -0.030442839195979 -0.1622018166257 -0.010683581724393 0.14866212311558 0.185302235134 0.14236331396566 0.066565191326923 0.0053111616298792 0.011564967605885 0.11678654795584 0.52990162381587 1.2567342370949 2.1190447246645 2.8794977534362 3.0867353593246 2.5084709714602 1.3699994109497 0.20566185964712 -0.45232707794285 -0.75292198087066 -0.93668693877106 -1.0403159568325 -1.2398033563812 -1.4090426895184 -1.3639337489824 -0.89896019370603 0.16459057857475 1.4186058472389 2.5151444202832 3.3955953148654 3.7899044309045 3.8007275240485 3.6772772724152 3.5649489735427 3.4777221176966 3.2065754918614 2.8532971099763 2.9815912463662 3.3395966888887 3.4764735239762 3.2457124655549 2.7490435166154 2.2400175603977 1.8797548269156 1.5730144506831
-2.8837555843237 -1.6857712864333 -0.69403095712557 -0.34464400461529 -0.40533033919598 -0.42002214594388 -0.093016927824807 0.20028712311558 0.28788244346734 0.30931175146566 0.2557776952663 0.1364419091691 0.18716393863505 0.54791926202615 1.3309764874242 2.357113228159 3.2960697327426 3.9073704544258 3.9335606926371 3.3755022465696 2.4473994190591 1.6130281880742 1.2774231051822 1.2202504762101 1.1953275797498 1.1235104892769 0.79519241522299 0.31728035464824 0.050360128517591 0.33961285046065 1.3348490653664 2.5438950081686 3.553337070179 4.2197822244383 4.3117856809045 4.0707896096579 3.7808033910715 3.5217066585427 3.2665804822383 2.9235043764447 2.54407219307 2.5252358637152 2.6135027996179 2.4361280603981 2.0215997261435 1.4642091676826 0.91264257504773 0.58514790892862 0.46406536450707
-3.7506147195441 -2.5081583877012 -1.4256324235255 -0.90891617977934 -0.84523641453675 -0.87810160192734 -0.62293368326695 -0.26337874557161 0.10254097002539 0.50250511443245 0.76994542337308 0.84221280942949 1.0151905516592 1.4958825217413 2.3129431099868 3.2416421531894 4.0627417472295 4.6598111965138 4.8336683861076 4.5702902197488 4.0192967006997 3.5951452330085 3.5968295016803 3.6458731100676 3.4933500800885 3.2027273116948 2.6380142627738 1.9239182848553 1.5026287035176 1.6751012485344 2.5118814834747 3.5138389654065 4.1807136265651 4.45137083063 4.3062578856784 3.9991698017618 3.5912705658838 3.0949388288945 2.6731765084778 2.2799272321399 1.8987382397778 1.8570043880641 1.8885568977151 1.6651228086954 1.2629837517749 0.75003030884245 0.26430024739083 -0.025540858315736 -0.10249080161461
-4.4184948854816 -3.3076348933653 -2.2419344261765 -1.5367859984869 -1.3204238873492 -1.4448488010625 -1.3957251569565 -1.0066598143216 -0.23903707492252 0.70993990982308 1.4604454436637 1.8598039476006 2.1972476680915 2.7242964651398 3.3930680513618 4.0090431354107 4.6067415946514 5.2627927360972 5.762688988191 5.9429306647487 5.8595258361945 5.8891425117064 6.2362043860553 6.3170113437264 5.8814544310259 5.2360319352104 4.3765556864196 3.4656108043865 2.9755037035176 3.0631793735343 3.6925896782663 4.39948707568 4.5851667213568 4.3613944659946 4.0145391356784 3.7421412144441 3.2427135076026 2.4600563788945 1.8723433588945 1.4407266613065 1.071019538059 1.0738013890798 1.1642339346943 1.0402711603361 0.75696292122802 0.34550946788203 -0.015574746634172 -0.26511124918813 -0.3747252281719
-4.8080042810577 -3.8983263261769 -2.9447383161312 -2.1359532649171 -1.7008481233007 -1.585482123875 -1.4131088060957 -1.0874839044905 -0.3087498444527 0.85909008902856 1.9099884600559 2.6152181611229 3.1418148443376 3.66743622221 4.2635632562814 4.7926778055904 5.3022819307732 5.9380311812228 6.5345245491038 6.9077593024721 7.0814244025493 7.3101058987977 7.7467392774278 7.8828768738328 7.4459680753333 6.6793063558354 5.6346538954099 4.5959244032104 4.0142231510741 3.9266244178245 4.2246032849229 4.5214930699853 4.3185886496718 3.7684540590169 3.1790060844722 2.7552056196146 2.2220919419074 1.5085511817933 1.0340216569936 0.67374104213987 0.3281523238487 0.34360150741012 0.49989431036223 0.57790497066489 0.55329239181941 0.38937666222714 0.24554485581642 0.11174110601851 0.01503441676229
-5.0396971769015 -4.3706514184738 -3.5831968193603 -2.7188482182452 -2.027548319457 -1.4845390758588 -1.0022297515528 -0.79274183357414 -0.22433426886416 0.97519702126294 2.2229259309309 3.2219966378364 3.9517420544938 4.4488457319132 5.0152132562814 5.5855158264238 6.0837349848982 6.6542341712228 7.2172473307705 7.641387545519 7.9527733549035 8.2361209378914 8.6173018893028 8.822131107437 8.543564153677 7.7880754645854 6.6203748488474 5.4930153068302 4.8068071673241 4.4926396840745 4.3888530305896 4.2105681009072 3.6715834599843 2.8903686831523 2.0351688625035 1.3544644772193 0.82045742712725 0.37754332491835 0.17444660259779 -0.052303817026799 -0.36661011004192 -0.35654936286853 -0.13043901172109 0.20765652135239 0.52103305675691 0.68744809706042 0.81337005626891 0.83806147475028 0.78009778726645
-4.7101356869883 -4.1255492871133 -3.3067420015573 -2.3223787259468 -1.4474095132184 -0.65987836662512 0.070311796347506 0.38286934698226 0.78528273549583 1.6682602472709 2.6787027300094 3.5738836367443 4.2445261047097 4.6425862813658 5.1392041273032 5.7778604950796 6.4585611991206 7.1828456421692 7.8174012169703 8.3307276794657 8.8116243711971 9.2645786657938 9.7122670718436 9.9090408800251 9.6472000717664 8.940786134265 7.8077285920671 6.6162043652867 5.6691072051664 4.9462166989505 4.2862478995812 3.4141688549172 2.2406455211998 1.0202278436676 -0.12165534808023 -0.96773016734181 -1.3952211035789 -1.4475403817132 -1.206642372914 -1.1184319739321 -1.261937957681 -1.0844968972424 -0.56152094953934 0.16686781936244 0.89586110605108 1.3971281687123 1.690428624793 1.854687382924 1.9151702077052
-4.0483116007071 -3.4557302393477 -2.4886584977031 -1.3461254818374 -0.33042201756219 0.59322319804936 1.5345575403154 2.0799550404455 2.3426189856885 2.7028815991927 3.2190404113844 3.7748748807911 4.231161404241 4.4884268063502 4.8916207939698 5.6147130992462 6.5926643241206 7.6004029338359 8.3686743170536 8.9938492528251 9.663076609343 10.353682465471 10.940078576219 11.083362731692 10.754411574985 10.119510208015 9.1144489468379 7.8732435314065 6.5726791277914 5.333230269013 4.0256646815812 2.3303688369953 0.34561939494975 -1.4372098302804 -2.878167855924 -3.8354252851851 -4.0928136917133 -3.6835169914007 -2.8964675897265 -2.3858894430988 -2.2760005302591 -1.8289000567606 -0.87464606787267 0.32111928778743 1.5116848868844 2.3504805533608 2.7505533472155 3.0431741704475 3.2692879857052
-3.368969956282 -2.7806577358103 -1.8436018232977 -0.74748111216206 0.28333562824031 1.2104448410849 2.0827521078106 2.5356690382905 2.6059308679093 2.6212573180932 2.7901966391369 3.1201472463094 3.540511288267 4.0226106941258 4.756777159129 5.7210196606993 6.8422249280501 7.933832537456 8.7410912804812 9.3830875425757 10.064020749554 10.770670528643 11.393654878982 11.527132967341 11.139693137986 10.503642826212 9.5917761029718 8.3893370974183 6.9202863175626 5.3753349041375 3.7088867156516 1.6447851728481 -0.69156153955795 -2.7716616518695 -4.4191939022667 -5.5107189415401 -5.8197558924819 -5.3290819772213 -4.3042760708396 -3.4647341984571 -3.0570196795703 -2.3805040614665 -1.2085737853926 0.21672504043016 1.6496604935964 2.6952873159941 3.2104970019837 3.5870313980919 3.9137974858319
-2.6788044547924 -2.1023391945603 -1.3054560353811 -0.38215604701502 0.58615450502751 1.4347650691239 2.0649313142331 2.2243566225827 2.06968297805 1.8499202881348 1.7625090418869 1.9366827437938 2.4313758749076 3.3642262532195 4.6915938257956 5.9938180981993 7.1631251124564 8.2152808053727 9.0029955090645 9.6030971367632 10.186602162585 10.772367567632 11.368841951482 11.519505456508 11.078904168819 10.396808366181 9.556632664826 8.447610617835 6.9243705829689 5.2043250753979 3.3573867916516 1.2052538898949 -1.1986917864851 -3.4122360362289 -5.2091876634542 -6.449244215187 -6.9469466343902 -6.609839780815 -5.5378303087563 -4.4270377647957 -3.6940445185703 -2.8129801331175 -1.5553551414342 -0.047482819930777 1.4923803179246 2.6640821495775 3.2995970702337 3.7325809302013 4.1198498386548
1.70141E+038 1.70141E+038 1.70141E+038 1.70141E+038 1.70141E+038 -0.59117412084693 -0.063454486108025 -0.025428203052361 -0.27866307875698 -0.61506363973306 -0.83774185914258 -0.73243032445903 -0.12765583459889 1.2072676314196 3.1013529538652 4.8311309192127 6.1587898599527 7.2127990410867 7.987661507737 8.5980440452097 9.1938046661654 9.790431404196 10.476344697224 10.846593734075 10.715230444468 10.226131487161 9.3788335184071 8.2262022384147 6.6768627924596 4.8798651525802 2.9475640110243 0.81782948152142 -1.523269639269 -3.7557793370642 -5.6491976274071 -6.9787138689192 -7.5358703132356 -7.2046261157082 -6.0556517571901 -4.7737712748132 -3.8699511701365 -2.9931008659339 -1.9356536388452 -0.67946785485146 0.6582104914816 1.7378085551304 2.4617280701721 3.0586008525468 3.6184671228612
1.70141E+038 1.70141E+038 1.70141E+038 1.70141E+038 1.70141E+038 1.70141E+038 -3.5523697949413 -3.5248068135992 -3.7951385324392 -4.1718199480716 -4.4517112535176 -4.359234203683 -3.6213314374895 -1.9157140160804 0.52801713969852 2.7430893758794 4.3001706067965 5.38265990067 6.1489838540704 6.8032811231784 7.4820025834883 8.174417639196 9.0245137447236 9.7448211149079 10.156308696114 10.014299990942 9.109074493928 7.8245030475293 6.2671716931784 4.456486987299 2.500144678191 0.46399462866205 -1.7301690892169 -3.9078480551319 -5.8635982014071 -7.2444947759296 -7.777811918371 -7.3572159666457 -6.1120917380234 -4.7236910295163 -3.7486080810427 -3.010546256361 -2.3375582273869 -1.548532390728 -0.61230142388818 0.23454870129189 1.0263087616121 1.8563289603338 2.6610518834967
1.70141E+038 1.70141E+038 1.70141E+038 1.70141E+038 1.70141E+038 1.70141E+038 -5.1261895052292 -5.1029979850973 -5.4015217571178 -5.8403078022613 -6.2156838229899 -6.1918435578859 -5.426786377294 -3.62706948951 -1.0548627396147 1.303905090504 2.9706032133147 4.0798107735972 4.852405526495 5.5886206316049 6.3710458594033 7.109699179732 7.9666783987437 8.7691486536642 9.3634291068391 9.3215911429146 8.344916512121 7.0309165506026 5.6429656471105 4.0578923328926 2.2608859076884 0.35935048226856 -1.6713976036347 -3.728375049197 -5.6454848488317 -6.9275742247693 -7.2787580151298 -6.785691243324 -5.6516963714039 -4.4168135616982 -3.5482154381909 -3.0021510513013 -2.6590877710218 -2.206259890234 -1.5228854732276 -0.79646364071292 0.07302904399261 1.0825292407196 2.0891547984087
1.70141E+038 1.70141E+038 1.70141E+038 1.70141E+038 1.70141E+038 1.70141E+038 -5.4125499896043 -5.3896345757224 -5.7238093656596 -6.2393714855947 -6.73596104799 -6.8182717187974 -6.0973030562003 -4.38943257701 -1.9718898896147 0.30092736510038 1.9967009355803 3.1314423277638 3.9202637206617 4.7639449672299 5.6640187881533 6.4155994130653 7.1737140487437 7.8782494078308 8.4132669354329 8.3056034029146 7.248389483371 5.9738764025558 4.8745478721106 3.6759588622676 2.1615670110218 0.42222949988574 -1.4340238084524 -3.3260168506554 -5.1366058313317 -6.2189216008891 -6.2815558709632 -5.7273668062147 -4.8438486703622 -3.9372993056305 -3.294680238191 -2.976384017343 -2.9265836710218 -2.7219120711715 -2.1915012092693 -1.5099986638379 -0.5561232175324 0.5967780404995 1.7764295817421
1.70141E+038 1.70141E+038 1.70141E+038 1.70141E+038 1.70141E+038 1.70141E+038 -5.204794848517 -5.1974150270101 -5.4997331226968 -5.9543243758375 -6.442352040201 -6.665756875837 -6.2142585369815 -4.8222468501884 -2.7508185393635 -0.73080664726766 0.94009156405103 2.2236577431447 3.2281496034338 4.2309989412688 5.1622867788945 5.8210879200168 6.3793691281407 6.8511844155151 7.1755739306045 6.9994391748807 6.0532270543823 5.0147932055296 4.2652572405779 3.4580520741206 2.2686260586265 0.72865651605733 -0.92833752034389 -2.5647667661652 -4.1473494035865 -5.0658416555843 -5.0458057136244 -4.6021114832291 -4.0177636405718 -3.3757439340892 -2.8374960728643 -2.5648268115648 -2.5821409297353 -2.4736382893212 -2.0786115812193 -1.5311599597814 -0.70989554326766 0.29978372186688 1.3376856800604
1.70141E+038 1.70141E+038 1.70141E+038 1.70141E+038 1.70141E+038 1.70141E+038 -4.6507364485586 -4.6695869020101 -4.8927352060302 -5.1898150008375 -5.578327040201 -5.9673161669151 -5.9432480498461 -5.0240952876884 -3.4329602060302 -1.7826946385338 -0.17448346295835 1.3443165484364 2.7042600201005 3.9025130037688 4.8044367788945 5.2963733366834 5.5840566281407 5.7286870196817 5.7363635895316 5.4899033911306 4.7889355414657 4.1243635981077 3.7674916155779 3.3551041574539 2.5203260586265 1.2057752918995 -0.23460316026992 -1.5519856163093 -2.8214182096865 -3.6012827328707 -3.6428680598744 -3.4299473342447 -3.1788968931968 -2.7566896611048 -2.2375835728643 -1.8828867503231 -1.8088181150687 -1.6899634053462 -1.4180002450027 -1.0670678742814 -0.53049560631266 0.13508055101349 0.81062099059036
1.70141E+038 1.70141E+038 1.70141E+038 1.70141E+038 1.70141E+038 1.70141E+038 -4.1233549087102 -4.1714523621231 -4.3945388230737 -4.6822894512144 -5.0841585100503 -5.5255932619347 -5.6333685184255 -5.0438904902638 -3.9562304321608 -2.6622243959425 -1.0242514719557 0.74291912412311 2.3572130351759 3.6520638125 4.4499054294389 4.7872683900754 4.9400066909548 4.974589029732 4.8764440339196 4.6186969783292 4.0832704053601 3.5976100070142 3.2381064082915 2.7027338410622 1.81922598566 0.59462168792391 -0.54815113846877 -1.3313923885201 -2.0367129399408 -2.538606531407 -2.6417538827471 -2.6110046155779 -2.5303965684317 -2.2927532655902 -1.9269553065327 -1.5051588172029 -1.1170017352604 -0.72560676863157 -0.32735838863592 0.038468645269046 0.39264812913429 0.78015407477261 1.2508114983449
1.70141E+038 1.70141E+038 1.70141E+038 1.70141E+038 1.70141E+038 1.70141E+038 -3.6154590753769 -3.6950070496231 -3.9758148647404 -4.3624738262144 -4.8601460100503 -5.271385970268 -5.2950976850921 -4.9307076777638 -4.3634554321608 -3.4158577042727 -1.6805952243182 0.34454149731582 2.1393380351759 3.458615375 4.0977981377722 4.2895652650754 4.4064441909548 4.489582779732 4.4396586172529 4.2137485408291 3.7856454053601 3.3364980278476 2.6856251582915 1.6490462935669 0.42216759852664 -0.81144391522295 -1.5974531724495 -1.6894407733707 -1.647337910447 -1.7694794480737 -1.9341455494137 -2.0500671155779 -2.0209465001817 -1.9421203631839 -1.8276303065327 -1.3496380037539 -0.48472049047915 0.37072610486687 1.0773927172318 1.6125384905607 1.8590482043493 2.0167166624226 2.3975188458114
1.70141E+038 1.70141E+038 1.70141E+038 1.70141E+038 1.70141E+038 1.70141E+038 -3.0699675552764 -3.0863971642588 -3.3277075311977 -3.7242293590871 -4.2431178065327 -4.623235504397 -4.6452132629816 -4.4884922176508 -4.2690512864322 -3.6620072223618 -2.2083269167077 -0.26705083509732 1.6115553007182 3.0423255154147 3.745102895938 3.9447416051089 4.0880217663317 4.2331980540201 4.2591449447236 4.0990404613693 3.7046013726968 3.1841154247278 2.3289313140703 1.0787945745969 -0.27272924135116 -1.5270117754199 -2.242146135182 -2.1504384073795 -1.7690323549547 -1.562813650335 -1.6078684451424 -1.7588621061558 -1.8496257839196 -1.992804906093 -2.1322767575377 -1.7932839212993 -0.88143487993231 0.19521085839713 1.2260917758823 2.0597728196413 2.5378269082721 2.8472416720224 3.2497956520686
