data/closos/closos_4.grd
DSAA
 80  80 
 0  10 
 0  20 
-93.5308  25.2692 
[rows 0 to 26 of 80, columns 0 to 60 of 80]
-4.038995 -4.138994 -2.538994 -.5389943 .3610058 1.061006 1.861006 2.661005 3.261006 3.661005 3.761006 3.961006 4.661005 5.661005 7.361006 9.261005 10.16101 9.161005 6.661005 4.561006 2.861006 1.161005 1.261006 1.961006 2.761006 2.761006 2.261006 3.061006 4.161005 5.061006 5.661005 6.261005 7.561006 8.061006 8.761005 9.161005 7.461006 4.561006 1.761006 -1.038994 -3.038994 -4.138994 -4.538995 -5.438994 -6.738995 -7.638994 -6.038995 -3.238995 6.100559E-02 3.261006 4.461006 3.761006 3.361006 2.961006 2.161005 .7610056 -1.238995 -3.138994 -5.238995 -6.438994 -5.438994
-3.238995 -3.438994 -2.738995 -1.238995 .1610055 .6610055 1.361006 1.661005 2.261006 2.561006 3.061006 3.061006 3.561006 5.161005 7.761005 10.46101 13.66101 14.86101 14.86101 14.06101 12.96101 11.66101 11.36101 11.26101 11.96101 12.86101 12.56101 10.96101 9.461006 8.561006 7.861006 7.261005 7.361006 7.261005 7.661005 7.861006 6.861006 4.961006 2.661005 .4610057 -.9389944 -1.738995 -2.538994 -2.738995 -2.738995 -3.238995 -3.638994 -2.738995 -.9389944 .8610055 2.161005 2.461006 2.061006 1.661005 1.361006 .1610055 -1.138994 -2.938994 -4.338994 -5.538995 -7.438994
-1.538994 -1.738995 -1.638994 -1.238995 -.6389942 .6610055 1.661005 3.061006 3.661005 3.561006 4.061006 4.561006 5.461006 7.161005 8.761005 8.861006 8.661005 8.861006 9.461006 10.46101 12.46101 14.46101 15.16101 14.66101 14.66101 13.56101 12.36101 10.96101 8.761005 6.761005 5.561006 4.961006 4.761005 4.461006 4.161005 3.861006 3.861006 2.761006 1.661005 1.061006 1.461006 1.761006 1.861006 1.561006 .8610055 -1.038994 -1.738995 -1.538994 -.7389946 .1610055 .8610055 .6610055 .5610056 .3610058 -.5389943 -1.238995 -2.538994 -4.238995 -6.138994 -6.938994 -6.338994
-7.138994 -6.838994 -5.938994 -4.238995 -1.438994 .9610057 2.761006 3.961006 4.961006 5.461006 6.561006 7.161005 5.861006 4.861006 3.961006 1.161005 -2.338995 -3.238995 -.9389944 3.561006 7.761005 9.861006 10.46101 11.06101 11.36101 10.56101 8.661005 6.861006 4.961006 3.661005 2.661005 2.061006 1.461006 .6610055 1.061006 .9610057 .7610056 .9610057 1.361006 1.861006 1.061006 6.100559E-02 -1.538994 -3.538995 -4.038995 -4.138994 -3.838994 -2.938994 -1.338995 6.100559E-02 .7610056 1.061006 .7610056 -.7389946 -2.638994 -4.538995 -5.838994 -7.238995 -7.738995 -8.038995 -8.738995
-12.23899 -11.53899 -9.338994 -6.338994 -2.938994 -3.899431E-02 1.561006 2.461006 4.061006 5.761005 6.161005 4.661005 3.361006 2.261006 .6610055 -1.438994 -1.338995 -.2389946 1.761006 4.361006 6.261005 7.461006 8.261005 8.561006 8.961006 8.761005 8.561006 7.961006 7.161005 6.661005 6.161005 5.261005 4.261005 3.061006 2.361006 1.261006 .5610056 1.461006 2.161005 1.961006 1.061006 -.6389942 -1.938994 -3.238995 -4.638994 -6.138994 -6.638994 -4.938994 -3.038994 -1.838995 -.9389944 -.9389944 -1.738995 -2.938994 -4.738995 -6.538995 -7.338994 -7.538995 -7.438994 -7.638994 -7.838994
-11.83899 -11.93899 -11.03899 -9.338994 -6.938994 -4.338994 -1.738995 1.061006 3.261006 3.761006 3.361006 2.761006 2.261006 1.961006 1.661005 1.861006 2.761006 3.261006 3.961006 5.361006 6.861006 7.161005 7.061006 7.061006 7.361006 7.861006 8.361006 9.561006 11.46101 12.46101 12.26101 12.06101 12.16101 11.56101 9.761005 7.161005 4.861006 3.561006 3.661005 2.961006 1.761006 .1610055 -1.838995 -4.338994 -5.638994 -6.138994 -6.138994 -5.138994 -3.938994 -3.138994 -2.538994 -2.238995 -2.538994 -3.338995 -4.438994 -5.938994 -7.738995 -9.238995 -9.138994 -8.938994 -9.038995
-9.638994 -9.938994 -10.23899 -10.53899 -10.33899 -10.03899 -8.938994 -6.638994 -3.638994 -1.838995 -.4389944 .2610054 .5610056 1.261006 2.261006 3.761006 5.161005 5.461006 5.761005 6.461006 6.461006 4.761005 4.061006 3.961006 4.461006 5.261005 7.161005 9.061006 11.86101 15.26101 16.16101 15.36101 15.36101 15.96101 15.66101 13.76101 10.36101 7.561006 5.161005 3.161005 1.461006 6.100559E-02 -1.038994 -2.838995 -4.338994 -5.438994 -6.438994 -7.538995 -8.138994 -6.338994 -3.238995 -1.438994 -.4389944 -1.138994 -2.738995 -4.238995 -5.838994 -8.638994 -11.13899 -10.83899 -9.838994
-10.03899 -11.03899 -12.43899 -14.139 -15.23899 -14.43899 -11.93899 -8.538995 -5.638994 -4.138994 -3.038994 -2.038994 -.8389945 .1610055 1.561006 2.961006 3.461006 4.361006 5.461006 5.661005 2.961006 -1.138994 -2.738995 -3.138994 -2.538994 -.8389945 1.961006 4.561006 7.161005 9.361006 9.961006 11.46101 13.66101 15.66101 17.36101 17.46101 14.66101 11.36101 6.461006 2.661005 1.361006 6.100559E-02 -.9389944 -1.738995 -2.338995 -2.638994 -3.438994 -4.238995 -4.738995 -4.238995 -2.138994 .1610055 2.261006 2.761006 .8610055 -1.738995 -4.238995 -7.838994 -10.43899 -10.23899 -9.038995
-5.238995 -6.238995 -8.138994 -10.53899 -11.73899 -11.03899 -9.038995 -5.838994 -3.638994 -2.938994 -2.638994 -2.438994 -2.838995 -2.838995 -2.038994 -.8389945 .1610055 1.361006 2.661005 3.361006 6.100559E-02 -5.538995 -8.038995 -10.03899 -9.838994 -6.038995 -1.238995 1.761006 3.661005 4.361006 5.561006 7.361006 9.961006 13.06101 14.26101 12.66101 9.361006 5.761005 1.161005 .1610055 .2610054 -.3389945 -.4389944 6.100559E-02 .3610058 .4610057 6.100559E-02 -.1389942 .7610056 2.061006 3.461006 4.961006 6.161005 6.361006 3.961006 .6610055 -2.038994 -5.138994 -6.838994 -6.638994 -6.438994
3.161005 2.261006 1.061006 .3610058 .3610058 .5610056 .3610058 -.2389946 -1.138994 -2.238995 -4.038995 -5.538995 -6.538995 -6.638994 -6.238995 -5.338994 -3.838994 -2.438994 -.5389943 .4610057 -2.638994 -6.938994 -10.63899 -13.43899 -12.33899 -8.638994 -5.238995 -3.038994 -2.938994 -4.838994 -4.238995 -2.938994 -.5389943 2.861006 5.861006 6.961006 5.961006 2.561006 .4610057 .3610058 .8610055 1.061006 1.561006 1.361006 .9610057 1.061006 1.961006 3.861006 6.061006 6.561006 6.861006 6.661005 6.061006 5.261005 4.561006 3.461006 1.661005 -.8389945 -2.438994 -3.138994 -4.138994
6.761005 6.461006 5.861006 5.261005 4.461006 4.161005 3.661005 2.061006 .4610057 -1.538994 -3.638994 -5.838994 -6.538995 -6.038995 -5.738995 -5.538995 -4.538995 -2.938994 -1.638994 -.9389944 -1.638994 -4.338994 -6.838994 -8.638994 -9.938994 -9.538995 -7.538995 -6.738995 -8.038995 -10.23899 -9.338994 -5.138994 -1.538994 .4610057 3.161005 5.061006 5.261005 4.661005 3.361006 2.361006 3.261006 4.161005 4.461006 3.861006 2.961006 2.061006 2.261006 4.061006 6.861006 8.261005 8.261005 7.661005 7.261005 6.861006 5.461006 3.961006 3.261006 2.661005 2.061006 .7610056 -.5389943
3.261006 2.861006 2.661005 3.461006 4.861006 5.861006 4.861006 3.161005 1.661005 6.100559E-02 -1.938994 -3.638994 -4.338994 -4.738995 -5.538995 -6.138994 -5.438994 -4.738995 -3.238995 -.1389942 1.961006 -.4389944 -3.238995 -4.738995 -5.338994 -6.138994 -7.438994 -9.338994 -11.03899 -8.938994 -4.338994 -1.338995 1.161005 3.461006 5.261005 6.361006 7.561006 9.261005 10.36101 10.26101 9.661005 8.561006 6.861006 5.361006 4.561006 5.161005 6.861006 8.961006 10.56101 10.46101 10.36101 9.861006 8.361006 8.261005 7.461006 6.261005 5.061006 3.461006 2.561006 2.261006 2.261006
-4.838994 -4.938994 -5.438994 -5.738995 -4.838994 -1.938994 1.861006 4.361006 4.561006 3.561006 2.261006 .7610056 -.7389946 -2.738995 -4.138994 -4.738995 -5.438994 -5.838994 -4.638994 -2.438994 -3.899431E-02 2.161005 2.861006 1.561006 -.4389944 -3.138994 -7.138994 -9.738995 -8.738995 -5.938994 -2.538994 .5610056 1.961006 2.161005 3.161005 5.361006 8.261005 10.66101 12.46101 14.16101 14.86101 12.96101 10.36101 8.861006 8.361006 8.961006 9.661005 9.661005 10.56101 11.26101 10.16101 7.861006 6.961006 6.461006 5.261005 3.561006 2.061006 .4610057 -1.638994 -3.138994 -3.338995
-10.33899 -10.83899 -10.13899 -7.738995 -3.838994 .9610057 4.361006 4.261005 3.661005 2.461006 1.161005 -.3389945 -1.538994 -2.438994 -3.238995 -3.838994 -3.738995 -3.938994 -3.938994 -3.238995 .9610057 5.361006 6.961006 6.961006 4.461006 -1.538994 -7.038995 -10.23899 -11.23899 -8.638994 -4.338994 -2.938994 -2.838995 -2.938994 -1.038994 1.161005 4.061006 7.961006 12.66101 15.96101 16.86101 16.76101 16.86101 15.16101 12.26101 10.06101 8.961006 8.761005 8.761005 7.261005 5.161005 3.661005 2.261006 1.361006 .6610055 -.3389945 -1.638994 -3.438994 -4.238995 -4.038995 -4.438994
-9.538995 -10.03899 -10.33899 -10.23899 -9.438994 -7.438994 -3.638994 -.2389946 1.461006 1.561006 1.661005 1.861006 1.861006 1.961006 2.161005 1.861006 1.261006 .9610057 2.061006 4.261005 7.561006 9.861006 6.461006 1.561006 -4.838994 -12.23899 -14.43899 -13.139 -11.43899 -9.438994 -7.838994 -6.638994 -6.338994 -6.238995 -5.238995 -2.938994 1.961006 8.061006 13.86101 17.66101 18.96101 18.16101 17.76101 16.16101 13.86101 10.76101 8.061006 4.961006 .4610057 -5.938994 -9.538995 -9.638994 -8.638994 -7.238995 -6.738995 -6.638994 -6.738995 -7.338994 -6.738995 -4.938994 -3.938994
-7.438994 -7.838994 -8.438994 -8.538995 -7.438994 -5.738995 -3.938994 -3.438994 -2.638994 -2.238995 -1.938994 -.4389944 2.861006 4.961006 6.461006 8.261005 9.861006 9.861006 9.361006 8.661005 8.061006 8.361006 8.061006 6.461006 3.661005 -.9389944 -6.538995 -12.33899 -17.939 -21.23899 -19.23899 -15.33899 -13.43899 -12.93899 -11.23899 -8.838994 -5.438994 -.8389945 4.461006 9.661005 13.56101 14.66101 16.36101 17.16101 15.16101 12.06101 8.861006 5.261005 1.061006 -4.038995 -8.238995 -11.43899 -14.139 -13.73899 -10.43899 -7.138994 -3.938994 -1.438994 -.3389945 -.2389946 -.2389946
-3.338995 -3.938994 -4.938994 -6.338994 -7.538995 -8.338994 -8.638994 -7.638994 -6.238995 -5.638994 -3.738995 -.1389942 3.661005 6.461006 9.661005 12.86101 14.26101 13.46101 12.56101 11.96101 11.66101 10.96101 10.16101 9.461006 7.761005 2.661005 -4.538995 -11.53899 -19.53899 -24.83899 -22.439 -18.03899 -16.139 -14.93899 -12.33899 -9.738995 -7.538995 -4.838994 -.6389942 4.261005 7.961006 10.96101 15.26101 18.061 16.26101 12.06101 7.061006 1.461006 -4.338994 -8.638994 -12.83899 -18.33899 -21.439 -21.439 -17.139 -8.538995 -1.338995 2.661005 3.261006 3.161005 3.561006
-.4389944 -1.138994 -2.438994 -4.738995 -7.638994 -10.43899 -11.73899 -10.73899 -8.938994 -7.938994 -6.738995 -3.738995 .7610056 4.661005 8.561006 11.36101 12.96101 12.96101 13.16101 13.76101 13.76101 12.26101 10.26101 8.961006 8.161005 5.261005 .3610058 -5.438994 -11.93899 -17.139 -17.23899 -15.139 -13.53899 -11.53899 -9.938994 -7.738995 -4.838994 -2.238995 .3610058 3.261006 5.861006 8.761005 12.26101 14.66101 14.16101 11.06101 7.161005 3.161005 -.8389945 -4.438994 -7.038995 -10.73899 -13.93899 -15.139 -13.33899 -8.238995 -2.238995 2.861006 5.561006 5.461006 5.261005
.1610055 -.8389945 -2.238995 -4.238995 -6.738995 -9.038995 -10.63899 -10.83899 -10.63899 -10.93899 -10.53899 -8.338994 -3.338995 1.461006 5.661005 9.661005 11.86101 11.76101 10.96101 10.96101 10.06101 8.561006 6.561006 4.961006 4.161005 3.761006 3.261006 1.261006 -1.938994 -6.238995 -9.238995 -8.938994 -7.738995 -7.438994 -6.838994 -5.738995 -3.938994 -1.038994 2.761006 6.661005 9.061006 9.861006 11.36101 13.26101 12.76101 10.06101 7.361006 5.361006 4.161005 2.561006 -.8389945 -4.238995 -6.738995 -7.638994 -6.138994 -3.638994 -.4389944 3.061006 5.461006 5.061006 3.861006
6.561006 5.861006 4.261005 1.561006 -1.538994 -4.138994 -6.538995 -9.238995 -10.63899 -12.53899 -14.83899 -15.639 -11.83899 -4.238995 2.761006 8.061006 10.16101 9.461006 8.161005 6.761005 5.161005 3.761006 2.761006 1.661005 .9610057 .8610055 1.761006 2.161005 2.161005 .6610055 -2.738995 -5.238995 -6.438994 -8.038995 -8.538995 -7.838994 -6.238995 -4.838994 -1.838995 2.461006 5.461006 7.661005 10.46101 12.26101 11.86101 10.56101 9.261005 8.161005 6.161005 2.861006 6.100559E-02 -1.938994 -3.838994 -5.738995 -5.538995 -3.838994 -1.638994 .5610056 1.861006 2.761006 3.561006
10.46101 10.16101 8.861006 6.461006 3.761006 .7610056 -3.538995 -8.138994 -10.23899 -10.93899 -10.63899 -8.138994 -1.638994 4.661005 9.461006 11.86101 10.96101 7.861006 4.561006 .1610055 -3.738995 -3.038994 .2610054 2.361006 4.161005 4.761005 4.961006 4.961006 5.261005 4.561006 .6610055 -3.738995 -6.838994 -10.93899 -14.03899 -11.639 -6.538995 -1.638994 2.461006 5.161005 6.561006 6.361006 6.561006 5.661005 3.861006 2.961006 2.461006 1.361006 -3.899431E-02 -2.338995 -4.138994 -5.238995 -5.738995 -5.238995 -4.338994 -2.038994 -.5389943 -.1389942 -.1389942 .4610057 1.661005
10.46101 9.361006 6.861006 3.561006 -1.138994 -5.038995 -6.438994 -6.438994 -6.038995 -5.438994 -3.038994 2.461006 8.061006 13.36101 16.16101 15.36101 12.76101 9.661005 5.861006 .6610055 -1.738995 -.2389946 1.461006 3.461006 5.461006 6.561006 6.961006 7.461006 7.061006 6.061006 3.761006 1.061006 -1.238995 -4.238995 -7.138994 -8.538995 -8.438994 -7.738995 -5.138994 -.8389945 2.361006 3.461006 4.061006 3.261006 .5610056 -2.438994 -4.638994 -5.638994 -5.038995 -3.938994 -3.038994 -2.838995 -3.138994 -3.738995 -4.138994 -2.838995 .1610055 2.361006 3.561006 3.261006 2.261006
12.76101 11.86101 10.06101 6.661005 1.661005 -3.738995 -7.038995 -8.338994 -8.138994 -7.838994 -7.438994 -5.338994 -.4389944 4.661005 11.16101 16.16101 17.061 15.16101 13.66101 10.46101 4.561006 1.161005 .8610055 1.961006 3.661005 4.061006 3.761006 4.361006 5.561006 6.361006 5.361006 2.661005 .1610055 -2.938994 -4.838994 -4.638994 -4.638994 -4.638994 -1.938994 2.161005 3.361006 3.161005 1.661005 -2.238995 -5.238995 -6.738995 -7.538995 -7.438994 -5.938994 -4.438994 -3.538995 -3.038994 -2.838995 -1.038994 1.961006 4.361006 6.261005 6.361006 4.361006 1.461006 -.8389945
17.66101 17.16101 15.76101 13.16101 9.361006 3.761006 -2.438994 -6.238995 -8.238995 -10.33899 -11.93899 -11.73899 -6.538995 -1.638994 2.461006 6.761005 9.161005 8.461006 7.961006 8.161005 7.561006 5.561006 3.061006 -.1389942 -3.938994 -5.138994 -3.038994 -.7389946 .9610057 4.561006 8.661005 9.561006 10.16101 10.66101 10.96101 8.961006 6.861006 6.261005 7.061006 6.661005 5.161005 3.961006 1.361006 -4.538995 -9.238995 -10.73899 -10.83899 -10.03899 -7.338994 -5.038995 -3.338995 -1.438994 .2610054 2.061006 4.061006 6.161005 8.061006 7.861006 4.861006 1.961006 -.8389945
11.16101 10.96101 10.96101 10.66101 9.061006 5.961006 2.561006 -.2389946 -2.038994 -3.738995 -5.038995 -6.338994 -7.638994 -10.03899 -13.33899 -14.73899 -12.43899 -9.138994 -4.938994 -1.238995 1.961006 4.161005 3.561006 .7610056 -.6389942 -2.138994 -3.238995 -2.838995 -.6389942 2.261006 5.861006 9.761005 13.06101 14.36101 14.66101 14.56101 12.46101 9.961006 7.761005 7.461006 7.461006 4.861006 -.2389946 -5.738995 -12.33899 -16.03899 -15.03899 -11.93899 -8.638994 -6.138994 -2.638994 1.061006 3.761006 6.061006 6.561006 4.761005 2.161005 -1.438994 -5.238995 -8.938994 -7.838994
2.061006 1.961006 3.161005 5.361006 7.561006 8.861006 7.961006 5.061006 2.761006 .9610057 -.5389943 -2.738995 -6.738995 -12.73899 -18.23899 -21.439 -19.33899 -12.33899 -5.238995 -1.238995 1.561006 3.961006 5.661005 5.661005 5.661005 5.561006 4.561006 3.061006 2.961006 4.361006 7.361006 10.46101 12.06101 13.36101 15.96101 17.86101 17.46101 15.56101 14.36101 12.76101 10.46101 7.061006 2.961006 -1.938994 -8.438994 -13.73899 -15.639 -15.83899 -15.93899 -13.53899 -7.738995 -3.638994 -3.899431E-02 2.061006 1.761006 .5610056 -.5389943 -2.838995 -6.338994 -9.438994 -8.938994
-.2389946 -.5389943 .4610057 2.661005 5.761005 9.561006 11.66101 9.061006 4.861006 1.561006 -1.238995 -4.938994 -10.73899 -14.33899 -16.23899 -17.139 -16.139 -13.93899 -11.23899 -8.038995 -2.938994 2.261006 5.461006 7.161005 8.461006 8.561006 7.561006 6.061006 5.661005 6.861006 8.961006 9.661005 10.56101 11.66101 13.36101 15.46101 16.16101 15.06101 12.86101 8.361006 4.761005 2.461006 -.3389945 -4.738995 -9.538995 -11.93899 -13.53899 -14.73899 -13.83899 -11.03899 -7.038995 -3.038994 -1.038994 -2.838995 -6.038995 -9.638994 -14.139 -18.639 -18.53899 -16.23899 -12.93899
