data/closos/closos_2.grd
DSAA
121 241
0 30
0 30
-21.799052083333 41.62625
[rows 161 to 183 of 241, columns 0 to 51 of 121]
1.70141E+038 1.70141E+038 -0.83153125 -1.092421875 -0.80875 0.87533854166667 -1.4233125 -2.065453125 1.6323333333333 3.889234375 2.950625 0.943125 -0.7338125 0.34958333333333 1.6943020833333 -0.94703125 -1.0012916666667 -0.17669791666667 -1.3254375 -1.21290625 -1.065 0.807609375 4.42759375 6.969109375 5.3585 0.41776041666666 -0.20175 4.096109375 5.2631041666667 3.2418177083333 0.5021875 -0.34676041666667 -2.6015 -5.356375 -7.3167291666667 -9.2154166666667 -9.9033125 -4.7623541666666 0.48941666666668 5.02353125 9.9177083333333 11.535416666667 10.4620625 8.2666510416667 6.8143958333333 5.534140625 5.66190625 2.3901458333333 1.70141E+038 1.70141E+038 1.70141E+038 1.70141E+038
1.70141E+038 1.70141E+038 -1.3238125 -1.20365625 -0.81575 1.3477604166667 -1.5429375 -2.12728125 1.9505833333333 3.86828125 2.9446875 0.94125 -0.825125 0.20486458333333 1.3703958333333 -1.3825 -1.2349166666667 -0.24857291666667 -1.1656875 -1.10125 -1.175625 0.65728125 4.23625 7.08828125 5.753 0.58307291666666 0.277875 4.37928125 5.3790416666667 3.3351145833333 0.4834375 -0.29176041666667 -2.142 -5.2695625 -7.2792916666667 -9.0871354166667 -9.830375 -4.4780104166666 0.54304166666668 5.08746875 9.9633333333333 11.467479166667 10.1999375 7.8228541666667 6.3804583333333 4.95265625 5.1215 2.2153645833333 1.70141E+038 1.70141E+038 1.70141E+038 1.70141E+038
1.70141E+038 1.70141E+038 -1.3803541666667 -1.11125 -0.43433333333333 2.5380208333333 -1.1159375 -1.1443229166667 2.3925 3.898328125 3.0798958333333 1.08875 -0.810375 0.073343750000001 0.91704166666666 -1.87625 -1.4702916666667 -0.23497916666667 -0.82325 -0.54485416666666 -1.1179166666667 0.527171875 4.0494479166667 7.3720989583333 6.348 1.3392708333333 1.4551666666667 5.0885 6.1077916666667 4.0088854166667 1.04703125 0.285 -1.2252083333333 -4.561546875 -6.5531041666667 -8.302421875 -9.080625 -3.670578125 1.0742604166667 5.64434375 10.276458333333 11.455578125 9.878625 7.3145833333333 5.8374375 4.100234375 4.2091666666667 1.8888125 1.70141E+038 1.70141E+038 1.70141E+038 1.70141E+038
1.70141E+038 1.70141E+038 -0.951375 -0.7213125 0.66008333333332 4.9361458333333 0.30349999999999 0.84335416666665 2.7615 4.092875 3.4085416666667 1.3437083333333 -0.6575 -0.046083333333332 0.33075 -2.4784375 -1.8493333333333 -0.23941666666666 -0.272 0.62897916666666 -0.83 0.575 3.8130833333333 7.597875 6.8985 2.7434375 3.1217083333333 6.079375 7.16675 5.1788958333333 2.11625 1.2822708333333 -0.015166666666676 -3.313625 -5.1794166666667 -6.841875 -7.57425 -2.4815208333333 2.0740833333333 6.7270625 10.815 11.376104166667 9.466625 6.7218958333333 5.0405 2.9634375 2.6873333333333 1.2357083333333 1.70141E+038 1.70141E+038 1.70141E+038 1.70141E+038
1.70141E+038 1.70141E+038 0.0092187500000001 0.29578125 2.9614583333333 7.9915364583333 2.8803125 2.6588541666667 3.1525 4.612578125 4.2096354166667 1.8604427083333 -0.0031250000000007 0.021822916666667 -0.11875 -3.02265625 -2.3889583333333 -0.31565104166666 0.6428125 2.3396354166667 0.153125 1.38875 3.7953645833333 7.42078125 7.111875 4.390234375 4.5564583333333 6.769609375 7.735 6.5213020833333 3.5515625 2.4551302083333 1.1908333333333 -1.720625 -3.3791666666667 -4.837890625 -5.461875 -1.1665364583333 3.1944270833333 7.77078125 11.309375 11.236744791667 9.2703125 6.2940364583333 4.068125 1.648828125 0.71911458333333 0.32434895833333 1.70141E+038 1.70141E+038 1.70141E+038 1.70141E+038
1.70141E+038 1.70141E+038 1.5069583333333 2.3734375 5.8302916666667 9.8168229166667 5.199375 3.5703125 3.3625 5.0118125 5.2104166666667 2.8409583333333 1.32775 0.58883333333334 -0.00049999999999667 -3.04375 -2.9563333333333 -0.48704166666667 1.8115 3.80453125 2.06 2.923375 4.2421458333333 7.0136458333333 6.784 5.01765625 4.7759166666667 6.42578125 7.3042916666667 7.1740625 4.6409375 3.2415416666667 2.0405 -0.22925 -1.5697291666667 -2.7452083333333 -3.204 -0.07187499999998 3.8354791666667 7.857875 11.155833333333 10.899552083333 9.214125 6.1188854166667 3.0893333333333 0.36421874999999 -1.0933958333333 -0.52189583333334 1.70141E+038 1.70141E+038 1.70141E+038 1.70141E+038
0.684375 1.634515625 3.2932708333333 4.641765625 7.3091875 9.2963020833333 5.970625 3.9079166666667 2.82175 4.889828125 5.7305729166667 4.1500052083333 3.068625 1.7419479166667 1.0073645833333 -2.164765625 -3.2790833333333 -1.04246875 2.63803125 4.343 3.9127083333333 4.112828125 4.8358333333333 6.8628854166667 6.23925 4.5538020833333 4.1448854166667 5.45928125 6.5553125 6.7851458333333 4.813125 3.446546875 2.3869166666667 0.661640625 -0.28419791666667 -1.0290104166667 -1.333875 0.64933854166667 3.8809166666667 7.14675 10.483541666667 10.4955625 8.7671875 5.8729791666667 2.3421666666667 -0.452890625 -2.187375 -1.117171875 -2.089625 -0.64141145833332 2.4219270833333 -0.64331250000002
1.635 3.62825 4.5103333333333 5.660875 6.821 7.4733333333333 6.02275 4.1040416666667 1.848 4.742875 5.8654166666667 5.3137083333333 4.773 3.0436666666667 2.6765833333333 -0.66125 -3.3103333333333 -1.932625 2.46825 4.066125 4.6883333333333 4.24375 5.0405833333333 6.7161666666667 5.937 4.1864583333333 3.6511666666667 4.954625 6.196 5.9620833333333 4.3575 3.307625 2.6076666666667 1.355625 0.72783333333334 0.25395833333334 -0.1395 1.0949166666667 3.7844166666667 6.402 9.6916666666667 10.278375 7.972 5.4295416666667 2.1521666666667 -0.374375 -2.816 -1.629625 -4.535 -1.3342083333333 5.3983333333333 -1.113
1.755625 3.55178125 4.474 5.594171875 5.7517916666667 5.6927604166667 5.9001875 4.2474427083333 1.230625 4.917328125 5.8547395833333 5.8505052083333 5.904 3.9985572916667 4.2565 0.83109374999999 -3.354625 -2.9390833333333 1.086375 3.1516145833333 4.4394791666667 3.43534375 4.6574270833333 6.2827083333333 5.691375 4.147265625 3.5302395833333 5.0656875 6.1977291666667 5.0861875 3.50078125 2.8972552083333 2.700125 2.010828125 1.6865208333333 1.135703125 0.571875 1.46715625 3.7328541666667 5.767109375 8.7008333333333 9.849125 7.21221875 5.00175 2.2403958333333 -0.20390625 -3.8119895833333 -2.5140104166667 -4.613125 -1.2810572916666 5.2642708333333 -0.79881250000004
1.6125 3.2549479166667 3.8280208333333 5.23296875 4.90625 4.678125 5.7434375 4.58171875 1.2104166666667 5.59421875 5.9744791666667 5.7081770833333 6.04125 4.5877083333333 5.5214583333333 2.08125 -3.6583333333333 -4.0494270833333 -0.79374999999999 1.7677083333333 3.4197916666667 2.00953125 3.7030208333333 5.3497395833333 5.29625 4.2328125 3.79875 5.6003125 6.54 4.3780208333333 2.459375 2.29890625 2.5416666666667 2.4278125 2.2684375 1.6557291666667 1.099375 1.8400520833333 3.743125 5.30859375 7.6541666666667 8.7956770833333 6.6125 4.9303125 2.4504166666667 -0.5875 -4.9752083333333 -3.50265625 -4.63125 -1.1892708333333 4.50625 -1.22640625
1.41375 3.0431822916667 3.3229895833333 4.929546875 4.390625 4.659921875 5.8255625 5.241796875 2.1510416666667 6.980734375 6.4572916666667 4.9799114583333 4.656 4.9744583333333 6.6575208333333 3.173671875 -3.9194583333333 -5.1648802083333 -2.545375 -0.069401041666675 1.9404166666667 0.33379687499999 2.4329583333333 3.7333489583333 4.413125 4.57796875 4.82459375 6.727234375 7.2591875 3.9519427083333 1.6878125 1.66540625 2.2596666666667 2.718859375 2.5525625 1.9778385416667 1.6571875 2.2732239583333 4.125375 5.258015625 6.9510416666667 7.5652239583333 6.39490625 5.444546875 3.1189791666667 -0.828671875 -5.7536770833333 -4.2568125 -4.21575 -0.68305208333331 3.3571875 -2.310953125
1.1725 2.7740416666667 2.927625 4.5460625 4.2129166666667 4.9115625 5.90675 5.5007916666667 4.1821666666667 8.062875 6.74875 3.5570833333333 1.9675 4.84775 7.0457083333333 3.6234375 -3.6751666666667 -6.2925416666667 -4.268125 -2.312125 0.0029166666666698 -1.6776875 0.64441666666667 1.3478541666667 2.4295 4.8344791666667 6.1455833333333 7.991625 7.8675833333333 3.5918958333333 1.22625 1.106125 1.5871666666667 2.497375 2.4291666666667 2.0130208333333 2.1485 2.8377291666667 5.0672083333333 5.6745625 6.5108333333333 6.4676041666667 6.279375 6.1702916666667 4.0194166666667 -0.5578125 -6.232 -5.349375 -3.75 0.043062500000011 1.995625 -3.749
0.874375 2.2788229166667 2.52846875 4.0925 4.2382291666667 4.9684114583333 5.57653125 4.8447135416667 5.83525 7.879625 6.7199479166667 2.0940989583333 -0.42443750000001 4.0286145833333 6.4977708333333 3.299609375 -2.503625 -6.6284270833333 -5.7750625 -4.371359375 -2.3360416666667 -4.096359375 -1.9279270833333 -1.3455572916667 -0.012875000000005 4.5590104166667 6.9223229166667 8.720140625 7.9846875 3.1071458333333 0.72140625 0.64838020833333 0.6335 1.642859375 1.7710729166667 1.6831510416667 2.5030625 3.6185677083333 6.3411875 6.46478125 6.2022916666667 5.80325 6.1374375 6.7103802083333 4.9041458333333 0.449921875 -5.1514375 -6.0461822916667 -3.494875 0.56427083333334 0.98171874999999 -5.080515625
0.57625 1.7426979166667 2.2503125 3.7383125 4.2426666666667 5.1667708333333 4.926 3.6035104166667 5.444 6.65309375 6.6494791666667 1.3297708333333 -1.821875 2.8440520833333 5.7274583333333 2.70921875 -1.12875 -5.7812708333333 -6.655 -6.1648125 -4.9735416666667 -6.46275 -4.8415208333333 -3.4727291666667 -1.79975 3.7283854166667 6.8157291666667 8.38746875 7.419875 2.1706770833333 -0.30843749999999 -0.0031666666666611 -0.41024999999999 0.60078125000001 1.0449166666667 1.2058854166667 2.76725 4.6313645833333 7.3838125 7.27478125 6.1491666666667 5.79703125 6.124125 6.9102395833333 5.5352083333333 1.75375 -2.2465625 -5.8158541666667 -4.09525 0.26089583333335 0.92093749999999 -5.8465
0.31875 1.3909895833333 2.2665625 3.527421875 4.2964583333333 5.8791666666667 4.49515625 2.379453125 3.854375 5.286875 6.7028645833333 1.11640625 -2.4490625 1.9780208333333 4.94125 2.300390625 -0.65145833333333 -4.830703125 -6.9915625 -8.3882291666667 -7.7822916666667 -8.503046875 -7.2053125 -4.4367708333333 -2.596875 2.669140625 5.9938541666667 7.07625 6.265 0.70619791666667 -2.0078125 -1.1479166666667 -1.5783333333333 -0.231328125 0.71489583333333 1.053125 3.1596875 5.924921875 8.0894270833333 7.7971875 6.375 6.0396614583333 6.11984375 6.7463802083333 5.7569791666667 2.684375 -0.011875000000001 -4.28734375 -5.11375 -1.6944010416667 1.159375 -4.958671875
0.44 1.7093333333333 2.664 3.6745 4.8986666666667 7.1441666666667 4.675 1.9598333333333 2.3786666666667 4.7695 7.0866666666667 1.3213333333333 -2.106 1.7351666666667 4.625 2.14 -0.79066666666667 -4.5103333333333 -7.508 -11.508666666667 -10.93 -10.1685 -8.6063333333333 -4.0766666666667 -2.312 1.68 4.6696666666667 5.158 4.5726666666667 -1.0751666666667 -3.975 -2.8025 -2.832 -0.7055 0.81066666666667 1.3008333333333 3.878 7.347 8.7206666666667 8.1445 6.84 6.2151666666667 5.893 6.1963333333333 5.6673333333333 3.42 1.0943333333333 -1.2981666666667 -4.248 -4.0881666666667 0.75000000000001 -1.744
0.918125 2.1502708333333 3.2005 4.2491875 5.9745416666667 8.3361197916667 5.450875 2.8795520833333 1.4746666666667 5.27809375 7.4522916666667 1.5518802083333 -1.188 1.8965260416667 4.58065625 2.116328125 -1.2725416666667 -4.6047864583333 -8.7411875 -14.720510416667 -14.301875 -11.230546875 -9.0877083333333 -3.0052604166667 -1.531625 0.78578125000001 2.8813541666667 2.72378125 2.2351666666667 -2.8591197916667 -5.5921875 -4.794640625 -4.17125 -0.85118749999999 1.0389791666667 1.5275520833333 4.4339375 7.85703125 9.0194479166667 8.345265625 7.365625 5.9066510416667 4.9331875 5.0514583333333 5.1633333333333 3.845859375 1.6735208333333 0.21752083333333 -2.125125 -4.3169791666667 0.45468750000002 2.106125
1.21625 2.0542083333333 3.6063125 5.051125 6.983375 8.8013020833333 6.417 4.4712604166667 1.49225 6.1183125 7.1333333333333 1.74340625 -0.60625 2.03259375 4.2578958333333 1.75984375 -2.2335 -4.82496875 -10.3111875 -15.978572916667 -16.764375 -11.43775 -8.7291875 -2.2435520833333 -0.994 -0.018802083333334 0.99639583333333 0.22987499999999 -0.25279166666667 -4.1831458333333 -6.5534375 -6.5978229166667 -5.3170833333333 -0.95518749999999 1.1120833333333 1.4255208333333 4.2385 7.2270833333333 8.4959791666667 8.01809375 7.06625 4.7718020833333 3.336625 3.5390416666667 4.1149583333333 3.471875 1.5113958333333 -0.17089583333334 -1.209 -2.7523125 1.3540625 4.68796875
1.5525 2.034078125 4.3047083333333 6.112140625 7.7361875 9.0957552083333 7.26615625 5.6825729166667 3.142375 6.662296875 6.5121354166667 2.09421875 -0.1131875 2.1276614583333 3.95909375 1.061640625 -2.9963333333333 -4.749875 -10.95009375 -14.638005208333 -16.648645833333 -10.528734375 -7.5640520833333 -1.5000677083333 -0.6085 -0.53919270833333 -0.35647916666666 -1.570515625 -2.1163125 -4.742625 -6.92265625 -7.5352447916667 -5.921375 -1.081734375 1.12440625 1.3888802083333 3.7065 6.6251822916667 7.6449270833333 7.339484375 5.8614583333333 3.1321822916667 1.62775 2.1481197916667 2.94625 2.52640625 0.58310416666667 -0.98279687499999 -1.609875 -1.424640625 2.75359375 5.78034375
1.9875 2.3221875 5.1152083333333 7.2221875 8.0725 9.4177083333333 7.69375 5.5401041666667 5.0275 6.61875 6.0854166666667 2.34625 0.4 2.1420833333333 3.799375 0.0390625 -3.3308333333333 -4.4384375 -9.92625 -12.084895833333 -14.458333333333 -9.0196875 -6.2539583333333 -0.80989583333333 -0.22 -0.83020833333333 -1.2829166666667 -2.828125 -3.48 -5.1709375 -7.103125 -7.7882291666667 -6.2675 -1.4371875 0.793125 1.3208333333333 3.21375 6.3266666666667 6.9564583333333 6.374375 4.3208333333333 1.3960416666667 -0.588125 0.095104166666665 1.19 1.0625 -1.1358333333333 -2.27125 -2.91 -0.60156249999999 4.090625 5.81625
2.558125 2.9547916666667 5.7372708333333 8.09878125 8.1375833333333 9.2916666666667 7.40684375 3.5077291666666 4.5255 5.915203125 5.8424479166667 2.5085625 1.155625 2.5065052083333 3.5069791666667 -1.353828125 -3.4818333333333 -4.1833489583333 -8.05625 -9.4431458333333 -11.766666666667 -7.43278125 -5.0710833333333 -0.067161458333329 0.3865 -1.0206770833333 -2.0608229166667 -4.03675 -4.7265833333333 -5.9287239583333 -7.37640625 -7.7289947916667 -6.5414583333333 -2.146234375 -0.095593750000006 1.0976822916667 2.918375 6.4788020833333 6.57909375 5.39378125 2.673125 -0.30101041666667 -3.32753125 -3.1778333333334 -1.765875 -1.035078125 -3.1191666666667 -4.12459375 -3.978 0.61999479166669 5.30609375 5.212234375
3.10875 3.5054166666667 6.2350416666667 8.71875 8.2544166666667 8.2122916666667 6.49175 -0.084479166666654 1.7105833333333 4.1453125 5.3532291666667 2.6542604166667 1.889875 2.9708958333333 2.8614166666667 -2.985625 -3.9354166666667 -4.3206875 -6.5158125 -7.1534166666667 -9.2254166666667 -6.0061875 -4.1829791666667 0.41167708333333 1.001 -1.3108333333333 -2.694875 -5.45271875 -6.321 -6.941375 -7.55 -7.6235729166667 -6.753 -3.28671875 -1.5611041666667 0.48828125000001 2.804625 6.83659375 6.4605 4.49353125 0.97166666666668 -1.6573333333333 -5.2764375 -7.0394895833333 -6.0302916666667 -3.9053125 -5.0196666666667 -6.41953125 -3.82475 2.4779895833333 6.4752083333333 4.52215625
3.193125 3.8017604166667 6.6585416666667 9.07490625 8.2589791666667 6.4025260416667 5.39271875 -3.1106510416667 -1.8522916666667 1.60384375 4.2822916666667 2.7158072916667 1.5146875 3.0625364583333 1.6754791666667 -4.104296875 -4.8371666666667 -5.14615625 -5.577 -5.2655260416667 -6.9922916666667 -4.934625 -3.5526354166667 0.73064583333333 1.574 -1.7760677083333 -3.21484375 -6.962890625 -8.29025 -7.944625 -7.63015625 -7.5661510416667 -7.035 -4.79075 -3.4902291666667 -0.769609375 2.5996875 6.52575 6.1208125 3.69946875 -0.60833333333332 -2.3852239583333 -4.61896875 -8.6709114583333 -9.3543541666667 -6.31890625 -5.9160416666667 -7.504625 -2.55875 4.1112083333333 7.7783333333333 4.311875
