data/closos/closos_1.grd
DSAA
101 201
0 10
0 20
-24.91945 81.152
[rows 75 to 99 of 201, columns 0 to 56 of 101]
1.2 0.6735 0.147 -0.37475 -0.89175 -1.40875 -1.0745 -0.74024999999999 -0.73849999999999 -1.06925 -1.4 -0.145 1.11 2.13175 2.92025 3.70875 2.454 1.19925 -0.50449999999999 -2.65725 -4.81 -5.3535 -5.897 -6.01125 -5.69625 -5.38125 -5.305 -5.22875 -4.9805 -4.56025 -4.14 -3.6165 -3.093 -2.42175 -1.60275 -0.78375 -0.10525 0.57325 0.962 1.061 1.16 1.18225 1.2045 1.28875 1.435 1.58125 1.3075 1.03375 0.86999999999999 0.81625 0.7625 1.3975 2.0325 2.587 3.061 3.535 4.07275
0.385 -0.0085100000000037 -0.40202 -0.82859 -1.28822 -1.74785 -1.51473 -1.28161 -1.3449 -1.7046 -2.0643 -0.53298 0.99834 1.88116 2.11548 2.3498 1.25819 0.16657999999999 -1.3235 -3.21205 -5.1006 -5.40626 -5.71192 -5.729 -5.4575 -5.186 -5.07352 -4.96104 -4.7949 -4.5751 -4.3553 -3.88109 -3.40688 -2.71224 -1.79717 -0.8821 -0.10901 0.66408 1.11898 1.25569 1.3924 1.47657 1.56074 1.69529 1.88022 2.06515 1.77484 1.48453 1.3027 1.22935 1.156 1.77919 2.40238 2.95753 3.44464 3.93175 4.49193
-0.0205 -0.4144 -0.8083 -1.258535 -1.765105 -2.271675 -2.055085 -1.838495 -1.95004 -2.38972 -2.8294 -1.28654 0.25632000000001 1.016905 0.99521500000001 0.973525 0.050725000000001 -0.872075 -2.10668 -3.65309 -5.1995 -5.40961 -5.61972 -5.539495 -5.168935 -4.798375 -4.601875 -4.405375 -4.29538 -4.27189 -4.2484 -3.82159 -3.39478 -2.716755 -1.787515 -0.858275 -0.10719 0.643895 1.09173 1.236315 1.3809 1.549805 1.71871 1.933305 2.19359 2.453875 2.18683 1.919785 1.75826 1.702255 1.64625 2.262085 2.87792 3.443575 3.95905 4.474525 5.01281
-0.058999999999999 -0.51491 -0.97082 -1.515365 -2.148545 -2.781725 -2.597245 -2.412765 -2.59999 -3.15892 -3.71785 -2.54676 -1.37567 -0.73343500000001 -0.62005500000001 -0.50667500000001 -1.191995 -1.877315 -2.7874 -3.92225 -5.0571 -5.262745 -5.46839 -5.30122 -4.761235 -4.22125 -3.949795 -3.67834 -3.60156 -3.719455 -3.83735 -3.46115 -3.08495 -2.461935 -1.592105 -0.722275 -0.088689999999999 0.544895 0.92249 1.044095 1.1657 1.43612 1.70654 2.015855 2.364065 2.712275 2.497025 2.281775 2.17442 2.17496 2.1755 2.775965 3.37643 3.930095 4.43696 4.943825 5.443925
0.132 -0.36759 -0.86718 -1.50186 -2.27163 -3.0414 -2.95359 -2.86578 -3.1515 -3.81075 -4.47 -4.0229 -3.5758 -3.10539 -2.61167 -2.11795 -2.45713 -2.79631 -3.295 -3.9532 -4.6114 -4.84735 -5.0833 -4.86772 -4.20061 -3.5335 -3.23656 -2.93962 -2.87756 -3.05038 -3.2232 -2.88591 -2.54862 -2.00317 -1.24956 -0.49595 -0.046319999999999 0.40331 0.66258 0.73149 0.8004 1.17627 1.55214 1.96056 2.40153 2.8425 2.69937 2.55624 2.52934 2.61867 2.708 3.28297 3.85794 4.36717 4.81066 5.25415 5.72121
0.32 -0.1168 -0.5536 -1.1728 -1.9744 -2.776 -2.8472 -2.9184 -3.272 -3.908 -4.544 -4.9924 -5.4408 -5.2976 -4.5628 -3.828 -3.6954 -3.5628 -3.5548 -3.6714 -3.788 -4.0276 -4.2672 -4.0876 -3.4888 -2.89 -2.641 -2.392 -2.332 -2.461 -2.59 -2.245 -1.9 -1.4246 -0.8188 -0.213 0.0232 0.2594 0.3724 0.3622 0.352 0.8176 1.2832 1.7896 2.3368 2.884 2.8282 2.7724 2.8416 3.0358 3.23 3.7776 4.3252 4.77 5.112 5.454 5.908
0.064000000000001 -0.02336 -0.11072 -0.23456 -0.39488000000001 -0.55520000000001 -0.56944000000001 -0.58368000000001 -0.65440000000001 -0.78160000000001 -0.90880000000001 -2.99523 -5.08166 -5.87527 -5.37606 -4.87685 -4.40288 -3.92891 -3.46726 -3.01793 -2.5686 -2.72227 -2.87594 -2.85007 -2.64466 -2.43925 -2.3047 -2.17015 -2.1138 -2.13565 -2.1575 -1.76465 -1.3718 -0.93507 -0.45446 0.026149999999999 0.07814 0.13013 0.12038 0.048890000000001 -0.022599999999999 0.52112 1.06484 1.66697 2.32751 2.98805 3.05999 3.13193 3.31052 3.59576 3.881 4.34522 4.80944 5.16545 5.41325 5.66105 6.11285
1.70141E+038 1.70141E+038 0 1.70141E+038 0 1.70141E+038 0 1.70141E+038 0 1.70141E+038 1.70141E+038 -2.597 -5.194 -6.311565 -5.949695 -5.587825 -4.898485 -4.209145 -3.48388 -2.72269 -1.9615 -1.909555 -1.85761 -1.913185 -2.07628 -2.239375 -2.186365 -2.133355 -2.07266 -2.00428 -1.9359 -1.51329 -1.09068 -0.702055 -0.347415 0.0072249999999989 -0.047115000000002 -0.101455 -0.18912 -0.31011 -0.4311 0.15321 0.73752 1.39542 2.12691 2.8584 3.06807 3.27774 3.56881 3.94128 4.31375 4.718995 5.12424 5.446795 5.68666 5.926525 6.36411
1.70141E+038 1.70141E+038 0 1.70141E+038 0 1.70141E+038 0 1.70141E+038 0 1.70141E+038 1.70141E+038 -2.57705 -5.1541 -6.31288 -6.05339 -5.7939 -5.048385 -4.30287 -3.49999 -2.639745 -1.7795 -1.54633 -1.31316 -1.36531 -1.70278 -2.04025 -1.994045 -1.94784 -1.86408 -1.742765 -1.62145 -1.25155 -0.88165 -0.575735 -0.333805 -0.091875000000001 -0.18505 -0.278225 -0.39883 -0.546865 -0.6949 -0.12215999999999 0.45058000000001 1.116675 1.876125 2.635575 2.97207 3.308565 3.7006 4.148175 4.59575 4.972645 5.34954 5.680225 5.9647 6.249175 6.68973
1.70141E+038 1.70141E+038 0 1.70141E+038 0 1.70141E+038 0 1.70141E+038 0 1.70141E+038 1.70141E+038 -2.3604 -4.7208 -5.82701 -5.67903 -5.53105 -4.86397 -4.19689 -3.46536 -2.66938 -1.8734 -1.50343 -1.13346 -1.08853 -1.36864 -1.64875 -1.54473 -1.44071 -1.3337 -1.2237 -1.1137 -0.91336 -0.71302 -0.54577 -0.41161 -0.27745 -0.36332 -0.44919 -0.5603 -0.69665 -0.833 -0.29599999999999 0.24100000000001 0.89623000000001 1.66969 2.44315 2.89048 3.33781 3.81078 4.30939 4.808 5.17323 5.53846 5.89317 6.23736 6.58155 7.03836
1.70141E+038 1.70141E+038 0 1.70141E+038 0 1.70141E+038 0 1.70141E+038 0 1.70141E+038 1.70141E+038 -2.01775 -4.0355 -5.04315 -5.0407 -5.03825 -4.50185 -3.96545 -3.3842 -2.7581 -2.132 -1.56565 -0.9993 -0.75865 -0.84370000000001 -0.92875000000001 -0.76435000000001 -0.59995000000001 -0.51730000000001 -0.51640000000001 -0.51550000000001 -0.60595000000001 -0.6964 -0.7413 -0.74064999999999 -0.73999999999999 -0.80474999999999 -0.86949999999999 -0.93389999999999 -0.99795 -1.062 -0.51429999999999 0.033400000000009 0.72335000000001 1.55555 2.38775 2.94065 3.49355 4.025 4.535 5.045 5.38115 5.7173 6.0743 6.45215 6.83 7.27935
1.70141E+038 1.70141E+038 0 1.70141E+038 0 1.70141E+038 0 1.70141E+038 0 1.70141E+038 1.70141E+038 -1.78815 -3.5763 -4.48743 -4.52154 -4.55565 -4.08363 -3.61161 -3.186 -2.8068 -2.4276 -1.77606 -1.12452 -0.6861 -0.4608 -0.23550000000001 -0.077590000000009 0.080319999999989 0.12429999999999 0.054349999999988 -0.015600000000012 -0.38028000000001 -0.74496 -0.98372 -1.09656 -1.2094 -1.30149 -1.39358 -1.47066 -1.53273 -1.5948 -0.99097999999999 -0.38715999999999 0.41303000000001 1.40959 2.40615 3.05694 3.70773 4.2829 4.78245 5.282 5.60523 5.92846 6.27087 6.63246 6.99405 7.40443
1.70141E+038 1.70141E+038 0 1.70141E+038 0 1.70141E+038 0 1.70141E+038 0 1.70141E+038 1.70141E+038 -1.6478 -3.2956 -4.13775 -4.17425 -4.21075 -3.787405 -3.36406 -2.99113 -2.668615 -2.3461 -1.686365 -1.02663 -0.54101 -0.229505 0.082000000000001 0.360815 0.63963 0.72138 0.606065 0.49075 -0.075394999999999 -0.64154 -0.993805 -1.13219 -1.270575 -1.419195 -1.567815 -1.72284 -1.88427 -2.0457 -1.424385 -0.80307 0.11738 1.336965 2.55655 3.299605 4.04266 4.6344 5.074825 5.51525 5.832175 6.1491 6.48178 6.830215 7.17865 7.552355
1.70141E+038 1.70141E+038 0 1.70141E+038 0 1.70141E+038 0 1.70141E+038 0 1.70141E+038 1.70141E+038 -1.5372 -3.0744 -3.867715 -3.917145 -3.966575 -3.556385 -3.146195 -2.79158 -2.49254 -2.1935 -1.554085 -0.91467 -0.438145 -0.12451 0.189125 0.60842 1.027715 1.18557 1.081985 0.9784 0.306775 -0.36485 -0.78006 -0.938855 -1.09765 -1.285065 -1.47248 -1.68771 -1.930755 -2.1738 -1.607115 -1.04043 -0.064329999999995 1.321185 2.7067 3.545815 4.38493 4.98779 5.354395 5.721 6.01968 6.31836 6.639075 6.981825 7.324575 7.64455
1.70141E+038 1.70141E+038 0 1.70141E+038 0 1.70141E+038 0 1.70141E+038 0 1.70141E+038 1.70141E+038 -1.4301 -2.8602 -3.61093 -3.68229 -3.75365 -3.32726 -2.90087 -2.5747 -2.34875 -2.1228 -1.52751 -0.93222 -0.46476 -0.12513 0.2145 0.72677 1.23904 1.48202 1.45571 1.4294 0.74261 0.055819999999999 -0.39229 -0.60172 -0.81115 -1.01064 -1.21013 -1.43826 -1.69503 -1.9518 -1.4932 -1.0346 -0.086159999999996 1.35212 2.7904 3.71581 4.64122 5.25704 5.56327 5.8695 6.13583 6.40216 6.70508 7.04459 7.3841 7.63199
1.70141E+038 1.70141E+038 0 1.70141E+038 0 1.70141E+038 0 1.70141E+038 0 1.70141E+038 1.70141E+038 -1.3335 -2.667 -3.361 -3.4155 -3.47 -3.0302 -2.5904 -2.3232 -2.2286 -2.134 -1.6457 -1.1574 -0.6806 -0.2153 0.25 0.7814 1.3128 1.6294 1.7312 1.833 1.1868 0.54059999999999 0.078399999999991 -0.19980000000001 -0.478 -0.6918 -0.9056 -1.1232 -1.3446 -1.566 -1.1981 -0.8302 0.044499999999998 1.426 2.8075 3.7729 4.7383 5.3618 5.6434 5.925 6.1591 6.3932 6.6724 6.9967 7.321 7.4952
1.70141E+038 1.70141E+038 0 1.70141E+038 0 1.70141E+038 0 1.70141E+038 0 1.70141E+038 1.70141E+038 -1.37585 -2.7517 -3.34036 -3.14183 -2.9433 -2.54358 -2.14386 -2.00692 -2.13276 -2.2586 -1.88999 -1.52138 -1.02491 -0.40058 0.22375 0.71712 1.21049 1.5881 1.84995 2.1118 1.55953 1.00726 0.57467 0.26176 -0.051150000000003 -0.28784 -0.52453 -0.71534 -0.86027 -1.0052 -0.67164 -0.33808 0.44036 1.66368 2.887 3.84136 4.79572 5.43652 5.76376 6.091 6.29702 6.50304 6.74642 7.02716 7.3079 7.42167
1.70141E+038 1.70141E+038 0 1.70141E+038 0 1.70141E+038 0 1.70141E+038 0 1.70141E+038 1.70141E+038 -1.523725 -3.04745 -3.633145 -3.28081 -2.928475 -2.444095 -1.959715 -1.86794 -2.16877 -2.4696 -2.19161 -1.91362 -1.4198 -0.71015 -0.00050000000000308 0.382165 0.76483 1.14963 1.536565 1.9235 1.53293 1.14236 0.799005 0.502865 0.206725 -0.053665000000005 -0.314055 -0.4801 -0.5518 -0.6235 -0.27937 0.064760000000003 0.7518 1.78175 2.8117 3.70561 4.59952 5.23953 5.62564 6.01175 6.20976 6.40777 6.629955 6.876315 7.122675 7.1856
1.70141E+038 1.70141E+038 0 1.70141E+038 0 1.70141E+038 0 1.70141E+038 0 1.70141E+038 1.70141E+038 -1.64465 -3.2893 -3.913665 -3.517745 -3.121825 -2.5546 -1.987375 -1.87125 -2.206225 -2.5412 -2.372135 -2.20307 -1.741805 -0.98834 -0.234875 0.027320000000001 0.289515 0.65942 1.137035 1.61465 1.413995 1.21334 0.990585 0.74573 0.500875 0.256525 0.012174999999997 -0.1421 -0.2063 -0.2705 0.088315000000001 0.44713 1.02672 1.827085 2.62745 3.43922 4.25099 4.89 5.35625 5.8225 6.010685 6.19887 6.392135 6.59048 6.788825 6.810735
1.70141E+038 1.70141E+038 0 1.70141E+038 0 1.70141E+038 0 1.70141E+038 0 1.70141E+038 1.70141E+038 -1.71675 -3.4335 -4.10867 -3.74226 -3.37585 -2.79865 -2.22145 -2.0458 -2.2717 -2.4976 -2.40753 -2.31746 -1.87164 -1.07007 -0.2685 -0.080829999999998 0.10684 0.44984 0.94817 1.4465 1.39922 1.35194 1.23392 1.04516 0.8564 0.65729 0.45818 0.3017 0.18785 0.074000000000001 0.4148 0.7556 1.20909 1.77527 2.34145 3.07459 3.80773 4.44494 4.98622 5.5275 5.69524 5.86298 6.0169 6.157 6.2971 6.30952
1.70141E+038 1.70141E+038 0 1.70141E+038 0 1.70141E+038 0 1.70141E+038 0 1.70141E+038 1.70141E+038 -1.82875 -3.6575 -4.39735 -4.0483 -3.69925 -3.2005 -2.70175 -2.4845 -2.54875 -2.613 -2.42815 -2.2433 -1.6942 -0.78085 0.1325 0.3401 0.5477 0.8402 1.2176 1.595 1.5746 1.5542 1.45885 1.28855 1.11825 0.93195 0.74565 0.582 0.441 0.3 0.55725 0.8145 1.13895 1.5306 1.92225 2.60295 3.28365 3.8992 4.4496 5 5.14095 5.2819 5.403 5.50425 5.6055 5.6831
1.70141E+038 1.70141E+038 0 1.70141E+038 0 1.70141E+038 0 1.70141E+038 0 1.70141E+038 1.70141E+038 -1.9691 -3.9382 -4.77321 -4.47413 -4.17505 -3.75583 -3.33661 -3.06684 -2.94652 -2.8262 -2.51594 -2.20568 -1.51319 -0.43846999999999 0.63625000000001 1.07102 1.50579 1.83848 2.06909 2.2997 2.10089 1.90208 1.70784 1.51817 1.3285 1.2331 1.1377 0.99580000000001 0.8074 0.619 0.7222 0.8254 1.03221 1.34263 1.65305 2.18762 2.72219 3.23568 3.72809 4.2205 4.43912 4.65774 4.81355 4.90655 4.99955 5.15169
1.70141E+038 1.70141E+038 0 1.70141E+038 0 1.70141E+038 0 1.70141E+038 0 1.70141E+038 1.70141E+038 -2.146725 -4.29345 -5.27501 -5.091405 -4.9078 -4.50547 -4.10314 -3.76 -3.47605 -3.1921 -2.728815 -2.26553 -1.43751 -0.24475499999999 0.948 1.539305 2.13061 2.51552 2.694035 2.87255 2.533535 2.19452 1.93229 1.746845 1.5614 1.570565 1.57973 1.46693 1.232165 0.9974 0.94799 0.89858 1.019325 1.310225 1.601125 2.00572 2.410315 2.81969 3.233845 3.648 3.93343 4.21886 4.437745 4.590085 4.742425 5.00269
1.70141E+038 1.70141E+038 0 1.70141E+038 0 1.70141E+038 0 1.70141E+038 0 1.70141E+038 1.70141E+038 -2.268875 -4.53775 -5.67037 -5.666735 -5.6631 -5.317005 -4.97091 -4.58273 -4.152465 -3.7222 -3.06138 -2.40056 -1.451745 -0.214935 1.021875 1.644475 2.267075 2.68008 2.88349 3.0869 2.76752 2.44814 2.219615 2.081945 1.944275 2.003365 2.062455 1.96468 1.71004 1.4554 1.291545 1.12769 1.179 1.445475 1.71195 2.01168 2.31141 2.63637 2.98656 3.33675 3.669555 4.00236 4.275315 4.48842 4.701525 5.035975
1.70141E+038 1.70141E+038 0 1.70141E+038 0 1.70141E+038 0 1.70141E+038 0 1.70141E+038 1.70141E+038 -2.30265 -4.6053 -5.86466 -6.08073 -6.2968 -6.0736 -5.8504 -5.447 -4.8634 -4.2798 -3.40564 -2.53148 -1.49602 -0.29926 0.8975 1.43254 1.96758 2.36436 2.62288 2.8814 2.74514 2.60888 2.52632 2.49746 2.4686 2.50711 2.54562 2.4325 2.16775 1.903 1.69066 1.47832 1.47917 1.69321 1.90725 2.12535 2.34345 2.5646 2.7888 3.013 3.33358 3.65416 3.96309 4.26037 4.55765 5.01384
