data/closos/closos_3.grd
DSAA
241 481
0 30
0 60
-654.28387584156 2926.2039545045
[rows 286 to 307 of 481, columns 98 to 146 of 241]
7.5131020971489 7.0109746928024 5.5619804563657 3.8031533499825 2.5470622408076 2.8832612681023 4.5807025535916 6.113676375049 6.6888747549043 6.5269839793469 6.2463865825991 6.0882233908924 5.7722668781101 4.9280904411076 3.1882668731734 0.59256597455407 -2.2566624581922 -4.8164922020858 -6.5486890594896 -6.8672343510358 -5.4814957816912 -2.5782854771641 0.72006330647985 2.6667152164388 2.8802762489619 2.3417111853278 1.6613098747486 1.288437465125 1.5344046059807 2.129347043115 3.007095340037 4.0797969410895 4.9241002445281 5.256765781549 4.8632458470175 3.7138603470542 1.8558630857618 -0.21150602545461 -2.1377836802293 -4.131179801333 -6.0018925183358 -7.3258585579267 -8.2450959282683 -9.0270491633827 -9.6417408048552 -9.405761786127 -8.0352743760501 -6.3442950230704 -4.8316074135715
6.7126488283205 7.1201978818715 6.6151824372757 5.5976470555664 4.8639154259898 5.2165564766165 6.3727156214315 7.0557854988637 6.6952970496327 5.7762009756205 5.151074239503 4.9209954539808 4.53086352339 3.6292888425526 1.688891768571 -1.6992972644043 -5.947163502306 -9.9666184864455 -12.386730310545 -12.331904884956 -9.9417952376534 -5.7797456698021 -1.0526738829926 2.1953791522361 3.1992932403322 2.9283265790691 2.1414911679507 1.4715253857853 1.5678721832416 2.3948030683148 3.7181229812504 5.1551724591988 6.0738731699117 6.2157736398126 5.5978041629171 4.4661243448513 2.8223013189452 0.90907833439578 -1.052374605713 -3.2496219365988 -5.4316122871925 -7.2400647190602 -8.8431190765663 -10.480935286667 -11.837663298619 -11.861102103752 -10.503441034617 -8.7868713575023 -6.9319931716412
5.4891377419497 6.444274193415 6.7575895880378 6.5509394700753 6.3976243188747 6.8374793204341 7.6034121018184 7.6477168272718 6.6679928324216 5.2977900158883 4.2803063012333 3.636428183208 2.9439374587348 1.9267498790555 -0.030066273513553 -3.4918332704461 -7.8280863635499 -11.749405649185 -13.931584253416 -13.533175186433 -10.634046673684 -6.0654454816414 -1.2971911931564 1.8921052981968 2.9762975865581 2.7784266032037 1.9713940862833 1.2040329493224 1.1987232398861 2.0798967875343 3.5564509336431 5.0679111347533 6.0475255277609 6.3660713238443 5.9864986340409 5.0570036654793 3.6005154046428 1.7786814760178 -0.26050414315987 -2.5489657337565 -4.7520580546401 -6.6337343117916 -8.4174603816952 -10.221984608218 -11.678879823251 -11.959887721244 -11.074289692116 -9.7577588469457 -7.9818638622971
3.937001386595 5.1584596268807 6.1925043260957 6.8507987388384 7.3229979132785 7.9050414881032 8.3980858758803 7.9676350467479 6.6144903425432 5.0309537689017 3.5839612488556 2.260713394168 1.0886142890408 -0.089406501852102 -1.9195932045351 -4.8964990152043 -8.3033547434573 -10.916491887094 -12.141551626538 -11.422697093066 -8.3993322370894 -4.0862242833958 -0.35460913278553 1.7193797681236 2.3322742530737 2.056412009876 1.2961700527083 0.58653612830847 0.51682753498058 1.3141733583584 2.7168782348983 4.0775301201089 5.1075842304718 5.8881744975351 6.1065310114549 5.5225216743777 4.2325196614896 2.453325992766 0.30334971902898 -1.9888313575624 -3.9876213388503 -5.623058534425 -7.1966202550768 -8.6325267712808 -9.6909943897177 -10.22813531274 -10.171328830929 -9.5854594657282 -8.215709455944
2.379297546503 3.6879107858188 5.2833210092532 6.5587923830726 7.3138375955473 7.7418965753804 7.8089313807209 7.0839149485112 5.7034671929094 4.1349847646335 2.6088182927297 1.2659041595862 0.22169553666846 -0.72742207844498 -2.095909774207 -4.3012686030935 -6.7575774211328 -8.3641590278202 -8.7584523153567 -7.628419407926 -4.84268272237 -1.4746932197147 0.94850680789689 1.8652714696211 1.7556914607667 1.2107611862875 0.58522215176381 0.23016448675574 0.44917454678353 1.339296311942 2.6939144838467 4.0291879054727 5.2924806914257 6.5569914954778 7.235421716722 6.8221657290172 5.5472074409114 3.8625527904379 1.883199106549 -0.17546448903456 -1.9992941137118 -3.6502093429436 -5.4329546656802 -7.1151505478314 -8.3589479434932 -9.1702718329201 -9.3635290491102 -8.8598297146553 -7.6765843774899
0.81708910512343 2.067895122639 4.095731084355 5.7879129310972 6.5485543852704 6.5829977521586 6.1001340131914 5.2263420295797 4.09863187311 2.7299901658375 1.4081024872074 0.57928214633879 0.15448581285626 -0.25039645881965 -0.88608341515057 -2.0879403913341 -3.5765903942752 -4.4206598080997 -4.0864172323306 -2.4717947803524 -0.21646755353177 1.6484340078189 2.5433274335587 2.2689534766621 1.2336741972305 0.26507741276089 -0.15462960550693 0.085066854039775 0.87849975665063 2.0042858843038 3.3316616086559 4.743040719934 6.3874731567761 8.1536042239516 9.1805705236156 8.7966935843019 7.4142482522347 5.8661234335844 4.2850812372914 2.6518813960177 0.97927179626338 -0.89887438913293 -3.2300939291267 -5.6560949025679 -7.5575348597272 -8.6576457590361 -8.6327232315077 -7.6865053916083 -6.5120557552449
-0.36374179058768 0.43053115092859 2.1182223053621 3.7252308732355 4.6345934866761 4.8256619781945 4.447321488627 3.8257171134173 3.0588294212915 1.9579252366399 0.85968320149801 0.38908620383805 0.43195337621758 0.50274096847587 0.43918446707817 0.028275417674031 -0.65938035452704 -1.0726627157888 -0.6583305576667 0.83955212585822 2.6647199963207 3.8164637968937 4.0984224517988 3.4523882401832 2.1230451822029 0.869635049283 0.21787024078123 0.27380580077565 0.88520845183123 1.8362372269146 2.9916881949638 4.2991667103446 5.9755040355615 7.8814405475325 9.106559402669 9.0152902116982 8.0230498271693 6.8749164082442 5.6750991616205 4.3172737010169 2.7027913569944 0.77098776575873 -1.577740686058 -4.052377205564 -6.1635514698818 -7.4878688650536 -7.4725628439192 -6.4221015840894 -5.3266959381129
-1.2232267913375 -1.2214503770439 -0.5248662488401 0.57408550856236 1.7527652766292 2.5640876624012 2.8416813780425 2.810113199588 2.495119478605 1.7191621586779 0.86088413155692 0.61717519131831 0.9998434685862 1.4885281596416 1.8617225216095 2.0626650354752 2.0355731497864 1.7735686950937 1.7216144025441 2.5960816927724 4.0755602005462 5.1797355591192 5.6200449674891 5.2928369003681 4.2016414506409 2.7804146146424 1.5276293085865 0.74383297649406 0.53582360222972 0.96627672779087 1.8278946979048 2.8798006545643 4.2937802441856 6.0346597151389 7.3312190832645 7.7543521933737 7.5716683418137 7.0455170881605 6.2125278009162 5.0036125265268 3.368818160492 1.5296089511909 -0.3892409791663 -2.3267683353343 -4.2702727295437 -5.7643815578401 -5.9506314760649 -5.0809548776174 -4.1237839104743
-0.6684772357107 -1.6093685783204 -2.1190723431859 -2.1596629287674 -1.7092164308255 -1.1274649136002 -0.63637493602921 -0.21913418346111 0.016632444568976 -0.18949158554735 -0.63801012853126 -0.76823372878705 -0.39467569075383 0.28905868699015 1.0742286187913 1.8002772419757 2.3900763603068 2.7136851314977 2.995967452511 3.8507538317547 5.1746927334831 6.205241838399 6.6620291003658 6.4696590229258 5.6180132834741 4.3932633131892 3.1450076438307 2.085283837699 1.3573193760085 1.2016769292563 1.5646590875401 2.1237007548603 2.8288261759321 3.7720577230165 4.7167989227338 5.5729399833309 6.2192578533026 6.4184611289384 6.1665058076032 5.2875251687865 3.7262428033276 2.0152526287134 0.3642448369843 -1.3282595824899 -3.0836708062453 -4.4053743050635 -4.4303899680359 -3.362577387825 -2.1018168915
1.1270630156048 -0.88825008730722 -2.7930325057708 -4.5272046279562 -5.6802007350625 -6.0736210575198 -5.7572115041037 -5.0150687612029 -4.1418005281037 -3.5632380841354 -3.4530256403521 -3.569258737623 -3.5109312690456 -2.8276642737272 -1.6522555862297 -0.4772077142685 0.69116563382032 1.9814554110481 3.3003200529245 4.6651170952874 6.0003458944402 6.9344067033964 7.2831984256797 7.0642427681316 6.4533768850693 5.7447198361365 5.0322783552242 4.1912856682458 3.2060972061492 2.4068747265216 2.0915355853129 1.9495230486947 1.5540568647575 1.144631505849 1.3662049393285 2.5839419258372 4.076321918627 5.0915743448118 5.6085884479449 5.2183657823456 3.8129127202993 2.2613971719377 0.73606752257908 -0.96767829112483 -2.5170777884629 -3.366146722689 -2.9116310728724 -1.3132332673835 0.63875497836304
1.3802936759112 -1.3289252536645 -3.8829776742674 -6.1266714305743 -7.7198937433716 -8.4081914326323 -8.0971542710784 -7.1954270388727 -6.1371636791261 -5.3341051350765 -5.0540480938464 -5.2069234675213 -5.3169944325486 -4.75576080667 -3.6482304832041 -2.5160499723862 -1.2625077641432 0.34118093070861 2.1272007503266 3.8869991192053 5.4454558582676 6.5292057598246 7.0328288062698 7.0102098930584 6.6583719753054 6.2441350423404 5.7938561482622 5.0965488194503 4.0478048018334 2.9976719032926 2.3404095488951 1.7572510616313 0.80722346863209 -0.17278191367592 -0.28980596673425 0.9431176281774 2.6370598146854 3.927127279611 4.778021575954 4.7141900830592 3.5558465926496 2.2044209376752 0.76113636765778 -0.97259153566577 -2.4556734343177 -3.0932832451615 -2.4304290166925 -0.49531585006097 1.987084141546
0.22468384443075 -2.8308542416581 -5.3529091462408 -7.0245313565172 -7.9954264332853 -8.3571786535464 -7.8968575082026 -6.9865569655156 -6.1566457430644 -5.640803459802 -5.5461345806003 -5.7819033272361 -5.9262472171581 -5.5980928142421 -4.9769132237898 -4.3369013043308 -3.4488970639366 -2.1285575129917 -0.39553230982963 1.6542107800139 3.6294927093323 5.0878052795792 5.9863418815836 6.3636906821536 6.2875496753577 5.9652432765192 5.5271567562643 4.9049833693326 3.9695924718125 3.0272377440353 2.3353388898993 1.5484506449016 0.54263922567652 -0.29354902766216 -0.3978804079169 0.5337982072889 1.8405766907414 2.9110626499674 3.6983998609669 3.8126437133852 2.9847908088553 1.8705555316699 0.46945891611128 -1.3113699812746 -2.8557394940719 -3.5204639018691 -2.8969952268918 -0.802259363472 2.0636531399732
-0.36132373995311 -3.4137043119854 -5.9442385089194 -7.4621074016901 -8.0640075407004 -8.0078745574772 -7.2896741517611 -6.3931183784906 -5.7385088711333 -5.4106452250009 -5.5414065806161 -6.0714523824354 -6.5577980982633 -6.5295057874861 -6.135830508218 -5.8268986477662 -5.4049447959857 -4.5285098659789 -2.9088974156192 -0.51606645627299 1.9030685868417 3.7389571278124 5.0803893193478 5.8179734534072 5.8950696663627 5.6821417400877 5.3920560371549 4.9434491887622 4.1438119594836 3.2325854391991 2.472375895797 1.5471923742972 0.46705611857349 -0.31674941464916 -0.52941468174593 -0.041195979824326 0.80262985765636 1.6903120431489 2.5382921847293 2.8196623438716 2.198731019265 1.2454902008192 -0.039976852996331 -1.7109246419773 -3.2342595456734 -4.0318177638045 -3.6939407195379 -1.8749889027342 0.96575981139073
-0.40565075601973 -3.1225283527674 -5.7000344931511 -7.4619625014249 -7.9357817510335 -7.3749012678064 -6.2955496230072 -5.4339626755266 -4.904204971954 -4.6699469286893 -5.0642177452045 -6.089562339223 -7.2105540319184 -7.5456330123984 -7.1333041725747 -7.0022603354624 -7.1419422136113 -6.8620970150525 -5.4133537804915 -2.6268968594054 0.26179432283257 2.4781244256773 4.3080821802264 5.368116933184 5.4819936007246 5.3950367943503 5.3821030755963 5.2006702351142 4.5580891561364 3.6050982312145 2.7445545045836 1.7433026152041 0.57120938576157 -0.24716575733298 -0.68325879642494 -0.77374362109241 -0.46494422823909 0.27490908548779 1.3016439374986 1.7397280823538 1.2082066359275 0.34349945124282 -0.75649651233359 -2.1682762915437 -3.5922897659924 -4.6232186934565 -4.8050704317657 -3.6759659371685 -1.2490241615048
-0.62795057381793 -2.8003228835449 -4.8118741881228 -6.0019532914655 -5.9214632172647 -4.9774849012774 -3.8021036764892 -3.1502894090148 -3.0980947835759 -3.3930712537866 -4.1428705140767 -5.4087500824424 -6.826969340664 -7.3686224219783 -6.8573351884926 -6.5338921781962 -6.651405507296 -6.4913253605877 -5.2492621648357 -2.7070106894345 -0.0087168091844827 2.0997825453602 3.8437851180532 4.8390140238391 4.9946793708737 5.0420953808727 5.137533874498 5.0264621242063 4.4977112683974 3.6274632289279 2.7673655249049 1.7970818034304 0.71065558876692 -0.09498741032706 -0.75353133942401 -1.2674114729818 -1.2851978613863 -0.58398962352723 0.48289850382742 0.87973523828963 0.37083186460128 -0.41340115264278 -1.3074924856777 -2.3175444959452 -3.3440934952132 -4.1018243786146 -4.1607510413794 -3.3033527327014 -1.4158009781072
-1.0264434653304 -2.4473981994179 -3.2861971567269 -3.0966784149087 -2.0399128668349 -0.83326988865891 0.17567047361545 0.4446562454094 -0.32989636889094 -1.5853799740786 -2.7818064711897 -4.0360048342294 -5.4174074307491 -6.0104053943791 -5.3206579824562 -4.4382314744175 -3.9556100182792 -3.44323849062 -2.4433080484573 -0.77671511209153 1.0778275594704 2.5951065786428 3.6844180320586 4.2314571892637 4.4338693584522 4.6239758643325 4.6606945962553 4.4251391476111 3.9674248471108 3.3031819102825 2.5433026326454 1.7099532495027 0.88504179823139 0.13895967947173 -0.74106802645994 -1.5245883333865 -1.6626042463131 -0.89194912638277 0.077876855580115 0.23748439750432 -0.3149247908339 -1.0266625122947 -1.6946200098888 -2.1618100896334 -2.4957329982469 -2.4787627717238 -1.7785370394053 -0.77888519172217 0.44494929002024
-0.72755801190744 -1.6055805121807 -1.8066886543317 -1.0006280245428 0.38666501974905 1.6452427574388 2.650707071156 2.9716058786605 2.1764028349557 0.85860893530751 -0.3803574182629 -1.6670552954518 -2.9753087817528 -3.5305001393253 -2.8502019504141 -1.8498435480982 -1.2911231072597 -0.94790140017374 -0.4939246800608 0.27281003694071 1.215524328926 2.1294164519397 2.9341644491224 3.4606882180811 3.8302854366695 4.170326294709 4.3832628507075 4.4678027868882 4.1607429586873 3.3647387986239 2.5989490352915 2.0375955071442 1.5370508284672 0.97431098981173 0.17347985000073 -0.61013863945121 -0.88378177911967 -0.44819098483812 0.090021638079902 0.019633921023023 -0.56146679802401 -1.2145773986678 -1.6317955667612 -1.6304536276417 -1.4961719307935 -1.1313485794299 -0.25161251612623 0.66540659983365 1.4314292348297
0.29005410313265 -0.25990370949336 -0.37476200325362 0.26142570148364 1.3137304691042 2.4070621482448 3.5770039461561 4.3978657349884 4.4127855051832 3.9583739732394 3.0933251654192 1.7285945836016 0.53093487384784 0.1054307379011 0.58261797373602 1.2463550871659 1.3410967999056 0.97776499913322 0.57266638684426 0.41460239761188 0.3753271441049 0.67329336443519 1.5749360070934 2.5217108203954 3.182618200137 3.6800590173162 4.3113429500799 5.1741669180336 5.0998167622961 3.8239452676354 2.9428672622789 2.7927056420151 2.6813037862328 2.4294768539748 2.0177271235344 1.5118037278344 1.0866643009729 0.77029656573121 0.53210325226801 0.2391756567326 -0.35534881059421 -0.96412500135568 -1.1052451164786 -0.71197647561259 -0.34078170396076 -0.068019987894223 0.39384019747732 0.99645603739188 1.5168754790767
-0.64619037976867 -0.73809800227395 -0.64041421874731 0.006812269423874 1.1052581458896 2.2974107995115 3.4521354149035 4.2997878032384 4.6968447589412 4.8583225960872 4.4922125177141 3.5655593629935 2.9571131989445 3.0348782911418 3.569950226481 3.9266350937217 3.7343096256386 3.1549203255943 2.2692236630309 1.3002047408812 0.58102576415015 0.61606013692757 1.5238587428969 2.5247069622169 3.1553583041778 3.5775474933244 4.2266795074746 5.2549702115179 5.4008885968546 4.3852584222717 3.7859909391097 3.8533445421143 3.8649371925176 3.6999043069426 3.3781936062109 2.847659553363 2.2145780022304 1.4760306243322 1.70141E+038 1.70141E+038 1.70141E+038 1.70141E+038 1.70141E+038 1.70141E+038 1.70141E+038 1.70141E+038 1.70141E+038 1.70141E+038 1.70141E+038
-3.6787601708778 -3.1731539912336 -2.7274270931669 -1.8750586343324 -0.32155157914458 1.2527439698143 2.1994539998591 2.5662224530299 2.8862236804457 3.3980515235845 3.6650174863333 3.7301849208736 4.2244714298546 5.2063281113564 6.079311331781 6.1606690715591 5.8710877702517 5.6019023134813 4.6416821845927 2.9838532113131 1.9088834248332 2.0597191550415 2.8763186799163 3.5383622141347 3.7937437840418 3.8910655797522 4.1283433062891 4.6645988562616 5.0174374854529 5.056123541693 5.1647204631684 5.2417903465731 5.0908225383598 4.7721228395656 4.2196036153637 3.3401100267984 2.4385246720294 1.70141E+038 1.70141E+038 1.70141E+038 1.70141E+038 1.70141E+038 1.70141E+038 1.70141E+038 1.70141E+038 1.70141E+038 1.70141E+038 1.70141E+038 1.70141E+038
-5.2809684527764 -4.4403616638918 -3.7690334460178 -2.7722974557429 -1.1067430335513 0.47110354722947 1.2516701336969 1.4355285452236 1.7429974828444 2.3931742911307 2.9862260345661 3.6019365684726 4.648789426647 6.0315929973829 7.0597337932509 7.0289290787324 6.6439929750478 6.4871666101778 5.7046407812204 4.1054382021476 2.9921825725309 3.0036914972591 3.5363562053554 3.8925239508263 3.9294588352149 3.8654058595869 3.8666550409654 4.0750227136837 4.4303202406598 4.8961390284385 5.2921112049263 5.4024551218599 5.2914175197185 5.0603908012519 4.5986856647753 3.8113421614602 2.9259675728012 1.70141E+038 1.70141E+038 1.70141E+038 1.70141E+038 1.70141E+038 1.70141E+038 1.70141E+038 1.70141E+038 1.70141E+038 1.70141E+038 1.70141E+038 1.70141E+038
-5.2854324956635 -4.403057919405 -3.6428984715845 -2.5696812915543 -1.1752332282148 -0.016730782304212 0.64446331681786 0.97825486563265 1.345265567093 1.8969816672422 2.4732045387503 3.146541826928 4.1314135449039 5.3531406696889 6.3322992589535 6.3715905016535 5.8934230874955 5.6279590177789 5.3048600999966 4.5991863274745 3.8023046578514 3.389503190869 3.4229431646676 3.5100173992333 3.5036803224246 3.460877312908 3.4224990444234 3.486334840587 3.6157035915464 3.8080777978335 4.021729902625 4.1916623645613 4.3467413492607 4.4729692954028 4.4613375463911 4.258872960258 1.70141E+038 1.70141E+038 1.70141E+038 1.70141E+038 1.70141E+038 1.70141E+038 1.70141E+038 1.70141E+038 1.70141E+038 1.70141E+038 1.70141E+038 1.70141E+038 1.70141E+038
