data/closos/closos_2.grd
DSAA
121 241
0 30
0 30
-21.799052083333 41.62625
[rows 69 to 91 of 241, columns 0 to 51 of 121]
1.70141E+038 1.70141E+038 1.70141E+038 1.70141E+038 1.70141E+038 1.70141E+038 1.70141E+038 1.70141E+038 1.70141E+038 1.70141E+038 1.70141E+038 1.70141E+038 1.70141E+038 1.70141E+038 1.70141E+038 1.70141E+038 1.70141E+038 1.70141E+038 1.70141E+038 1.70141E+038 0.17874999999999 0.0081250000000074 -2.050625 -0.040499999999994 -2.432625 -2.99203125 -5.0106875 -6.857375 -10.047 -12.57171875 -11.22125 -7.2811875 -6.2145 -5.0255625 -3.7255625 -3.00578125 -2.07025 -1.23334375 -0.72225 0.10003125 0.329375 1.70141E+038 1.70141E+038 1.70141E+038 1.70141E+038 1.70141E+038 1.70141E+038 1.70141E+038 1.70141E+038 1.70141E+038 1.70141E+038 1.70141E+038
1.70141E+038 1.70141E+038 1.70141E+038 1.70141E+038 1.70141E+038 1.70141E+038 1.70141E+038 1.70141E+038 1.70141E+038 1.70141E+038 1.70141E+038 1.70141E+038 1.70141E+038 1.70141E+038 1.70141E+038 1.70141E+038 1.70141E+038 1.70141E+038 1.70141E+038 1.70141E+038 1.575 -0.594375 -1.81375 -0.4875 -1.9725 -2.434375 -2.305 -7.864375 -11.17 -13.1821875 -11.7375 -8.049375 -6.9225 -5.28375 -3.9675 -3.5703125 -2.285 -1.0725 -0.32125 0.2075 0.175 1.70141E+038 1.70141E+038 1.70141E+038 1.70141E+038 1.70141E+038 1.70141E+038 1.70141E+038 1.70141E+038 1.70141E+038 1.70141E+038 1.70141E+038
1.70141E+038 1.70141E+038 1.70141E+038 1.70141E+038 1.70141E+038 1.70141E+038 1.70141E+038 1.70141E+038 1.70141E+038 1.70141E+038 1.70141E+038 1.70141E+038 1.70141E+038 1.70141E+038 1.70141E+038 1.70141E+038 1.70141E+038 1.70141E+038 1.70141E+038 1.70141E+038 3.66875 -0.79553125 -1.681875 -1.024125 -1.656 -1.40984375 -0.013312500000005 -8.2745625 -10.6445 -12.37984375 -11.018125 -8.3165625 -7.304625 -5.3060625 -3.8614375 -3.9665625 -2.46 -0.90396875 -0.061249999999999 0.16103125 -0.022499999999999 1.70141E+038 1.70141E+038 1.70141E+038 1.70141E+038 1.70141E+038 1.70141E+038 1.70141E+038 1.70141E+038 1.70141E+038 1.70141E+038 1.70141E+038
1.70141E+038 1.70141E+038 1.70141E+038 1.70141E+038 1.70141E+038 1.70141E+038 1.70141E+038 1.70141E+038 1.70141E+038 1.70141E+038 1.70141E+038 1.70141E+038 1.70141E+038 1.70141E+038 1.70141E+038 1.70141E+038 1.70141E+038 1.70141E+038 1.70141E+038 1.70141E+038 5.14 0.050499999999993 -1.8185 -1.5585 -1.107 0.64624999999998 1.9525 -7.68575 -9.058 -10.8485 -10.0625 -8.218 -7.396 -5.218 -3.658 -3.83125 -2.416 -0.95225 -0.1655 -0.09275 -0.215 1.70141E+038 1.70141E+038 1.70141E+038 1.70141E+038 1.70141E+038 1.70141E+038 1.70141E+038 1.70141E+038 1.70141E+038 1.70141E+038 1.70141E+038
1.70141E+038 1.70141E+038 1.70141E+038 1.70141E+038 1.70141E+038 1.70141E+038 1.70141E+038 1.70141E+038 1.70141E+038 1.70141E+038 1.70141E+038 1.70141E+038 1.70141E+038 1.70141E+038 1.70141E+038 1.70141E+038 1.70141E+038 1.70141E+038 1.70141E+038 1.70141E+038 6.44375 1.17875 -1.8810625 -1.8338125 0.069124999999994 3.91546875 3.6073125 -6.37378125 -7.107 -8.96878125 -8.9625 -7.92825 -7.179125 -4.6844375 -3.1358125 -3.190625 -2.027 -0.97256249999999 -0.35749999999999 -0.38628125 -0.389375 1.70141E+038 1.70141E+038 1.70141E+038 1.70141E+038 1.70141E+038 1.70141E+038 1.70141E+038 1.70141E+038 1.70141E+038 1.70141E+038 1.70141E+038
1.70141E+038 1.70141E+038 1.70141E+038 1.70141E+038 1.70141E+038 1.70141E+038 1.70141E+038 1.70141E+038 1.70141E+038 1.70141E+038 1.70141E+038 1.70141E+038 1.70141E+038 1.70141E+038 1.70141E+038 1.70141E+038 1.70141E+038 1.70141E+038 1.70141E+038 1.70141E+038 6.9075 1.627875 -2.22675 -1.983125 0.83574999999999 4.316875 4.226 -4.8975625 -5.5745 -6.9409375 -7.95625 -7.875125 -7.14225 -4.4653125 -3.03775 -2.9503125 -2.112 -1.4725 -0.93912499999999 -1.1189375 -0.8225 1.70141E+038 1.70141E+038 1.70141E+038 1.70141E+038 1.70141E+038 1.70141E+038 1.70141E+038 1.70141E+038 1.70141E+038 1.70141E+038 1.70141E+038
1.70141E+038 1.70141E+038 1.70141E+038 1.70141E+038 1.70141E+038 1.70141E+038 1.70141E+038 1.70141E+038 1.70141E+038 1.70141E+038 1.70141E+038 1.70141E+038 1.70141E+038 1.70141E+038 1.70141E+038 1.70141E+038 1.70141E+038 1.70141E+038 1.70141E+038 1.70141E+038 6.9875 1.48484375 -2.48 -1.40359375 1.43375 4.0453125 4.4759375 -2.7971875 -3.68875 -4.8328125 -6.7359375 -7.40234375 -6.775625 -4.40984375 -3.0103125 -2.78984375 -2.27 -1.87828125 -1.4003125 -1.67734375 -1.128125 1.70141E+038 1.70141E+038 1.70141E+038 1.70141E+038 1.70141E+038 1.70141E+038 1.70141E+038 1.70141E+038 1.70141E+038 1.70141E+038 1.70141E+038
1.70141E+038 1.70141E+038 1.70141E+038 1.70141E+038 1.70141E+038 1.70141E+038 1.70141E+038 1.70141E+038 1.70141E+038 1.70141E+038 1.70141E+038 1.70141E+038 1.70141E+038 1.70141E+038 1.70141E+038 1.70141E+038 1.70141E+038 1.70141E+038 1.70141E+038 1.70141E+038 6.81 0.6285 -2.247 -1.40025 1.956 3.750625 4.32475 -0.79925000000001 -2.264 -3.52525 -5.74 -6.731125 -6.3835 -4.443625 -3.01525 -2.6325 -2.433 -2.448625 -2.04225 -2.42775 -1.5725 1.70141E+038 1.70141E+038 1.70141E+038 1.70141E+038 1.70141E+038 1.70141E+038 1.70141E+038 1.70141E+038 1.70141E+038 1.70141E+038 1.70141E+038
1.70141E+038 1.70141E+038 1.70141E+038 1.70141E+038 1.70141E+038 1.70141E+038 1.70141E+038 1.70141E+038 1.70141E+038 1.70141E+038 1.70141E+038 1.70141E+038 1.70141E+038 1.70141E+038 1.70141E+038 1.70141E+038 1.70141E+038 1.70141E+038 1.70141E+038 1.70141E+038 7.01125 0.048531250000004 -2.0858125 -1.7470625 2.231875 2.9740625 4.0258125 0.77896874999999 -1.1715 -2.8008125 -5.054375 -6.101625 -5.84775 -4.397625 -3.0074375 -2.52859375 -2.6905 -3.11215625 -2.7783125 -3.2106875 -2.00375 1.70141E+038 1.70141E+038 1.70141E+038 1.70141E+038 1.70141E+038 1.70141E+038 1.70141E+038 1.70141E+038 1.70141E+038 1.70141E+038 1.70141E+038
1.70141E+038 1.70141E+038 1.70141E+038 1.70141E+038 1.70141E+038 1.70141E+038 1.70141E+038 1.70141E+038 1.70141E+038 1.70141E+038 1.70141E+038 1.70141E+038 1.70141E+038 1.70141E+038 1.70141E+038 1.70141E+038 1.70141E+038 1.70141E+038 1.70141E+038 1.70141E+038 7.3075 -0.71187499999999 -1.8485 -1.98075 1.482 1.00125 3.790875 1.9269375 -0.42350000000001 -2.3594375 -4.5125 -5.2198125 -4.997 -3.8691875 -2.674 -2.295625 -2.965 -3.7535625 -3.518 -3.6831875 -2.0975 1.70141E+038 1.70141E+038 1.70141E+038 1.70141E+038 1.70141E+038 1.70141E+038 1.70141E+038 1.70141E+038 1.70141E+038 1.70141E+038 1.70141E+038
1.70141E+038 1.70141E+038 1.70141E+038 1.70141E+038 1.70141E+038 1.70141E+038 1.70141E+038 1.70141E+038 1.70141E+038 1.70141E+038 1.70141E+038 1.70141E+038 1.70141E+038 1.70141E+038 1.70141E+038 1.70141E+038 1.70141E+038 1.70141E+038 1.70141E+038 1.70141E+038 7.59625 -1.37253125 -1.7865625 -1.51759375 0.38375000000001 0.091562499999985 3.8269375 2.687875 0.22474999999999 -1.84015625 -4.019375 -4.23103125 -4.09075 -3.14584375 -2.241125 -2.12609375 -3.1625 -4.08784375 -4.0258125 -3.904875 -1.99875 1.70141E+038 1.70141E+038 1.70141E+038 1.70141E+038 1.70141E+038 1.70141E+038 1.70141E+038 1.70141E+038 1.70141E+038 1.70141E+038 1.70141E+038
0.3 -1.8816666666667 -2.8833333333333 -4.5575 -4.6966666666667 -4.0291666666667 -1.055 0.13583333333333 0.29333333333333 1.41 1.8666666666667 0.90083333333333 3.41 9.1391666666667 9.3583333333333 18.1375 17.406666666667 15.211666666667 17.025 8.4783333333333 5.3416666666667 -1.33375 -1.9116666666667 -1.4820833333333 0.135 3.4854166666667 5.625 5.04125 3.505 0.67291666666667 -1.9375 -2.4083333333333 -2.06 -1.33 -1.5191666666667 -1.7145833333333 -1.915 -2.6070833333333 -3.9225 -4.685 -1.9 1.70141E+038 1.70141E+038 1.70141E+038 1.70141E+038 1.70141E+038 1.70141E+038 1.70141E+038 1.70141E+038 1.70141E+038 1.70141E+038 1.70141E+038
0.001875 -2.0812447916667 -3.0820833333333 -4.95003125 -4.9981041666667 -4.1368229166667 -1.154375 0.13003645833333 0.20058333333333 1.402546875 1.5933854166667 0.60270833333333 2.933 9.1739479166667 9.1065833333333 16.882890625 16.532166666667 14.075479166667 15.91696875 7.6361302083333 2.5883333333333 -1.644046875 -2.5617395833333 -1.9525885416667 0.201125 5.7654427083333 7.4124375 7.11284375 6.463 2.8091458333333 -0.47390625 -0.83083854166667 -0.700375 -0.336875 -1.2739270833333 -1.4858072916667 -0.768125 -1.2598229166667 -3.78646875 -5.542078125 1.70141E+038 1.70141E+038 1.70141E+038 1.70141E+038 1.70141E+038 1.70141E+038 1.70141E+038 1.70141E+038 1.70141E+038 1.70141E+038 1.70141E+038 1.70141E+038
-0.1975 -1.98621875 -3.1787916666667 -5.05125 -5.0032916666667 -3.7589583333333 -1.0414375 0.41472916666667 0.40408333333333 1.69134375 1.706875 0.5201875 2.6535 9.9345416666667 8.8597708333333 15.18390625 14.2225 12.122135416667 13.698 6.6063020833333 1.7110416666667 -2.0474375 -2.8595833333333 -1.6908229166667 0.279 6.2357291666667 8.0058333333333 7.398875 7.039375 4.1768854166667 0.1421875 -0.020239583333333 -0.147 -0.0856875 -1.0067291666667 -1.3311458333333 -0.67125 -1.09378125 -3.724125 -5.34253125 1.70141E+038 1.70141E+038 1.70141E+038 1.70141E+038 1.70141E+038 1.70141E+038 1.70141E+038 1.70141E+038 1.70141E+038 1.70141E+038 1.70141E+038 1.70141E+038
-0.494375 -1.69553125 -3.0786041666667 -5.14571875 -4.91175 -3.0918229166667 -0.5395625 0.90895833333333 0.80570833333333 1.996734375 2.2725520833333 0.662265625 2.4831875 10.97284375 8.1272708333333 13.065078125 10.320666666667 8.9027135416667 9.7940625 4.9652760416667 0.60427083333334 -2.64615625 -3.0334166666667 -1.1510833333333 0.574375 6.7486458333333 8.6789479166667 8.089375 7.6583125 5.750265625 1.13125 1.0407552083333 0.53379166666667 0.26584375 -0.49798958333334 -0.94893229166667 -0.4443125 -0.6239375 -3.6039479166667 -4.842015625 1.70141E+038 1.70141E+038 1.70141E+038 1.70141E+038 1.70141E+038 1.70141E+038 1.70141E+038 1.70141E+038 1.70141E+038 1.70141E+038 1.70141E+038 1.70141E+038
-0.5 -0.9165 -2.7760416666667 -5.23525 -4.442 -1.9376041666667 0.176875 1.7844583333333 1.2358333333333 1.7611875 2.7952083333333 1.427125 2.7335 12.3176875 6.8198333333333 10.514375 6.0931666666667 5.3747291666667 4.7475 2.4592916666667 -0.87916666666666 -3.4594375 -3.2414166666667 -0.68664583333333 0.931 6.3561458333333 9.5577916666667 9.1433125 7.748 6.47225 2.344375 2.1113958333333 1.4501666666667 0.9379375 0.23641666666667 -0.29979166666667 -0.059749999999999 0.1495625 -3.0930416666667 -3.5528125 1.70141E+038 1.70141E+038 1.70141E+038 1.70141E+038 1.70141E+038 1.70141E+038 1.70141E+038 1.70141E+038 1.70141E+038 1.70141E+038 1.70141E+038 1.70141E+038
0.178125 -0.21854166666667 -2.18546875 -4.939609375 -3.5775 -0.29375 1.2896875 1.9600520833333 1.6147916666667 1.0671875 2.6549479166667 2.7577083333333 3.2340625 17.058177083333 5.9422395833333 7.7859375 3.26125 2.7396354166667 1.6071875 0.27427083333333 -2.046875 -3.809375 -3.04484375 -0.77591145833333 1.21125 4.9694010416667 9.6365104166667 9.90140625 6.6682291666667 5.504296875 2.9078125 2.9633854166667 2.2483333333333 1.659765625 1.0719791666667 0.45130208333333 0.628125 1.0483072916667 -2.0450520833334 -1.80046875 1.70141E+038 1.70141E+038 1.70141E+038 1.70141E+038 1.70141E+038 1.70141E+038 1.70141E+038 1.70141E+038 1.70141E+038 1.70141E+038 1.70141E+038 1.70141E+038
1.1625 0.0022500000000001 -2.0688125 -4.36453125 -2.7864166666667 0.34385416666667 1.9939375 1.3698541666667 1.4020833333333 0.14025 1.8639583333333 3.6036875 3.866 19.07484375 4.9605208333333 5.25765625 1.9926666666667 1.44715625 -0.068500000000003 -1.106375 -2.9335416666667 -3.4783125 -2.77525 -1.2090833333333 1.4125 3.5574479166667 8.1865625 8.50290625 4.820625 3.9854375 2.7325 3.3252708333333 2.58775 1.97125 1.663 1.0805729166667 1.36225 1.5138020833333 -0.93366666666668 -1.080875 1.70141E+038 1.70141E+038 1.70141E+038 1.70141E+038 1.70141E+038 1.70141E+038 1.70141E+038 1.70141E+038 1.70141E+038 1.70141E+038 1.70141E+038 1.70141E+038
1.77375 -0.174875 -2.16221875 -3.785484375 -2.1829166666667 0.20729166666667 1.465375 0.32268229166667 0.43070833333333 -1.02815625 0.68583333333333 2.921796875 3.9951875 23.516765625 4.7320833333333 3.214140625 1.2517916666667 0.921875 -0.36428125 -1.83165625 -3.9707291666667 -3.333515625 -2.61678125 -1.7485833333333 1.362625 2.4642447916667 5.7425625 5.91821875 2.85025 2.64134375 2.5815625 3.0331302083333 2.33225 1.721921875 1.60371875 1.1041666666667 1.7246875 1.2152708333333 -1.0382916666667 -2.5085 1.70141E+038 1.70141E+038 1.70141E+038 1.70141E+038 1.70141E+038 1.70141E+038 1.70141E+038 1.70141E+038 1.70141E+038 1.70141E+038 1.70141E+038 1.70141E+038
0.945 -0.47308333333333 -1.79775 -2.731625 -1.479 0.31875 0.452 -0.67970833333333 -0.56333333333333 -2.20575 -0.24541666666667 2.2930416666667 3.5155 31.627791666667 5.2616666666667 1.89 1.125 0.995 0.042999999999998 -2.0271666666667 -4.6183333333333 -3.443875 -2.5324166666667 -1.907875 0.942 1.7160416666667 3.5338333333333 3.700625 1.4966666666667 1.6815833333333 2.29 2.3605 1.883 1.493875 1.41 0.91416666666667 1.816 0.73374999999999 -2.3243333333333 -5.313375 1.70141E+038 1.70141E+038 1.70141E+038 1.70141E+038 1.70141E+038 1.70141E+038 1.70141E+038 1.70141E+038 1.70141E+038 1.70141E+038 1.70141E+038 1.70141E+038
-0.61 -0.31373958333333 -1.5895833333333 -2.028671875 -1.3300833333333 -0.30416666666667 -0.70890625 -1.9513697916667 -2.1044583333333 -3.076625 -1.47921875 1.3776875 2.3858125 35.287520833333 4.9801354166667 0.6453125 0.874625 0.98663020833333 0.064999999999998 -2.3535625 -5.0275 -3.98321875 -2.8633645833333 -2.426984375 0.051750000000003 0.81013020833333 1.61290625 1.66003125 0.55545833333333 0.92478125 1.44921875 0.9165 0.74008333333333 0.67559375 0.37445833333333 -0.161484375 1.2443125 0.39694270833333 -4.28703125 -8.3548125 1.70141E+038 1.70141E+038 1.70141E+038 1.70141E+038 1.70141E+038 1.70141E+038 1.70141E+038 1.70141E+038 1.70141E+038 1.70141E+038 1.70141E+038 1.70141E+038
-1.16875 -0.028333333333333 -1.0205208333333 -1.51890625 -1.1264583333333 -0.87291666666667 -1.4265625 -2.8569791666667 -3.0370833333333 -3.4484375 -2.0890625 0.67734375 1.579375 30.049583333333 3.9304166666667 -0.04609375 0.85375 1.3209895833333 0.2009375 -2.4365625 -4.83125 -4.1978125 -3.0114583333333 -2.854375 -0.61875 0.39895833333333 0.93 0.81609375 0.25645833333333 0.6465625 0.9078125 0.20046875 0.017083333333333 0.03921875 -0.58510416666667 -1.18984375 0.40375000000001 0.21192708333333 -5.459375 -9.9946875 1.70141E+038 1.70141E+038 1.70141E+038 1.70141E+038 1.70141E+038 1.70141E+038 1.70141E+038 1.70141E+038 1.70141E+038 1.70141E+038 1.70141E+038 1.70141E+038
-0.734375 -0.46786458333333 -0.89952083333333 -1.666765625 -1.3896041666667 -1.7231770833333 -2.1311875 -3.9151458333333 -3.5962083333333 -3.76334375 -2.4897395833333 -0.16127604166667 0.691875 20.628765625 2.2769895833333 -0.634609375 0.94025 1.6894479166667 0.5825 -1.989953125 -4.3510416666667 -4.128515625 -3.0960520833333 -2.82340625 -1.162875 0.16546875 0.9444375 0.788453125 0.38279166666667 0.53460416666667 0.75859375 0.20334375 -0.20670833333333 -0.346890625 -1.5514166666667 -2.2397395833333 -0.51606249999999 0.0068229166666654 -5.1186979166667 -10.099484375 1.70141E+038 1.70141E+038 1.70141E+038 1.70141E+038 1.70141E+038 1.70141E+038 1.70141E+038 1.70141E+038 1.70141E+038 1.70141E+038 1.70141E+038 1.70141E+038
