data/closos/closos_4.grd
DSAA
 80  80 
 0  10 
 0  20 
-93.5308  25.2692 
[rows 27 to 53 of 80, columns 0 to 60 of 80]
-3.899431E-02 -.2389946 .3610058 2.561006 6.161005 10.86101 13.16101 10.56101 7.761005 5.261005 3.361006 .9610057 -2.038994 -3.138994 -.9389944 3.161005 4.261005 4.061006 4.361006 4.661005 4.961006 5.661005 5.661005 5.761005 5.661005 5.061006 4.761005 5.361006 6.161005 6.361006 5.661005 5.761005 6.761005 8.261005 10.16101 11.16101 11.86101 12.16101 9.661005 5.461006 2.461006 -.5389943 -2.838995 -3.038994 -3.938994 -5.938994 -7.838994 -8.838994 -8.338994 -6.738995 -4.538995 -1.238995 1.461006 -1.338995 -7.038995 -13.03899 -18.139 -18.139 -13.639 -8.338994 -.7389946
-5.338994 -5.938994 -5.638994 -3.938994 .7610056 8.961006 13.26101 12.56101 10.16101 7.561006 5.461006 4.361006 3.661005 5.361006 12.96101 16.36101 13.76101 9.761005 7.561006 5.961006 5.561006 4.561006 2.461006 -.2389946 -2.238995 -2.738995 -1.638994 -.1389942 .7610056 1.461006 1.461006 2.061006 2.661005 2.961006 4.561006 6.961006 8.561006 10.46101 11.76101 11.36101 8.761005 6.461006 4.561006 3.761006 5.261005 4.061006 -1.238995 -5.638994 -7.838994 -7.638994 -5.538995 -3.238995 .4610057 3.761006 1.861006 -1.938994 -4.538995 -7.038995 -6.838994 -4.338994 -1.438994
-7.338994 -7.538995 -6.938994 -5.238995 -1.338995 5.361006 9.861006 9.261005 6.261005 1.761006 -5.038995 -10.33899 -9.738995 -6.038995 .9610057 7.761005 8.661005 6.461006 4.961006 4.161005 4.361006 4.761005 4.261005 2.361006 -2.938994 -11.03899 -16.33899 -19.439 -22.139 -18.33899 -9.538995 -3.438994 1.161005 4.861006 8.061006 9.461006 10.96101 12.96101 14.46101 13.86101 12.26101 10.66101 10.26101 8.661005 5.861006 2.661005 -1.838995 -7.638994 -10.63899 -10.23899 -9.038995 -6.038995 -1.138994 2.461006 4.061006 4.261005 3.961006 2.561006 -.3389945 -2.538994 -4.338994
-1.438994 -2.038994 -1.538994 -1.238995 -.4389944 1.761006 5.061006 5.561006 2.961006 -1.538994 -7.438994 -13.53899 -14.23899 -11.93899 -9.838994 -6.338994 -2.138994 .6610055 2.361006 3.561006 4.761005 5.361006 3.361006 -.6389942 -7.238995 -15.73899 -20.23899 -22.03899 -22.73899 -17.939 -9.238995 -2.638994 1.761006 5.061006 7.561006 8.861006 10.46101 12.86101 14.76101 15.06101 14.06101 13.76101 13.36101 10.56101 5.761005 .5610056 -4.638994 -9.538995 -10.53899 -9.038995 -7.538995 -5.338994 -1.038994 2.961006 3.961006 3.061006 -.6389942 -6.438994 -9.038995 -10.73899 -14.43899
-1.438994 -1.638994 -1.738995 -1.538994 -.9389944 .6610055 2.661005 4.161005 4.461006 2.061006 -1.838995 -7.638994 -12.03899 -14.139 -14.83899 -11.03899 -5.638994 -2.738995 -3.899431E-02 2.561006 3.661005 2.561006 .9610057 -1.638994 -6.938994 -13.23899 -16.939 -19.33899 -18.939 -12.139 -4.938994 -.9389944 2.061006 3.661005 4.861006 5.861006 7.361006 8.661005 9.761005 9.361006 9.661005 9.761005 9.661005 9.061006 6.861006 3.961006 .1610055 -3.838994 -6.038995 -6.138994 -5.838994 -4.038995 .3610058 3.161005 1.761006 -4.838994 -16.23899 -21.03899 -18.139 -15.639 -12.73899
-2.238995 -2.438994 -2.538994 -2.338995 -1.538994 .3610058 3.261006 5.561006 6.161005 6.061006 5.161005 2.461006 -3.338995 -8.138994 -11.83899 -12.93899 -9.438994 -6.238995 -5.138994 -4.938994 -3.538995 -2.238995 -1.738995 -.9389944 .2610054 -.5389943 -2.738995 -5.738995 -10.83899 -12.73899 -6.938994 -2.338995 -.2389946 -.3389945 -.6389942 -.4389944 -3.899431E-02 .3610058 1.461006 3.161005 4.161005 4.361006 4.761005 5.761005 6.261005 5.761005 3.061006 -1.238995 -3.138994 -3.938994 -4.538995 -3.638994 .9610057 4.561006 3.861006 -3.038994 -14.03899 -19.639 -18.139 -16.53899 -11.83899
-4.438994 -4.438994 -3.938994 -2.738995 -1.038994 1.661005 4.761005 7.861006 10.56101 12.46101 13.76101 12.06101 7.061006 2.561006 -2.138994 -6.038995 -7.038995 -7.338994 -7.838994 -8.138994 -7.538995 -7.838994 -9.238995 -11.23899 -8.538995 -3.438994 -.9389944 .4610057 .1610055 .4610057 1.261006 1.561006 1.761006 .7610056 -1.638994 -3.838994 -4.838994 -4.238995 -.8389945 2.361006 4.061006 4.661005 5.461006 6.361006 5.861006 4.961006 3.561006 1.661005 -.1389942 -1.538994 -2.138994 -.4389944 2.461006 2.161005 -.5389943 -4.438994 -8.338994 -10.13899 -9.538995 -7.038995 -4.538995
-7.138994 -7.138994 -6.838994 -6.038995 -4.138994 .5610056 4.861006 7.661005 9.461006 10.76101 12.06101 10.76101 7.061006 3.961006 .4610057 -3.638994 -6.038995 -7.538995 -8.638994 -10.03899 -9.638994 -8.638994 -7.438994 -5.238995 -.1389942 1.461006 .2610054 -.3389945 -3.899431E-02 1.361006 1.961006 1.561006 1.861006 1.761006 .7610056 -1.438994 -3.538995 -4.438994 -2.538994 1.261006 3.661005 4.361006 5.561006 6.661005 7.361006 7.461006 7.361006 6.761005 4.561006 1.461006 6.100559E-02 6.100559E-02 1.861006 2.261006 -.3389945 -2.938994 -5.538995 -9.238995 -14.33899 -16.03899 -15.639
-5.138994 -5.938994 -6.538995 -6.538995 -5.038995 -1.338995 3.561006 7.061006 9.361006 10.06101 11.76101 12.76101 12.66101 11.36101 6.861006 1.761006 -1.838995 -3.538995 -4.438994 -4.938994 -5.538995 -5.038995 -3.738995 -2.038994 1.261006 4.561006 5.561006 5.061006 3.361006 -.6389942 -3.138994 -4.438994 -5.138994 -6.438994 -7.238995 -6.938994 -7.338994 -7.438994 -5.638994 -1.438994 2.261006 4.661005 8.161005 11.16101 11.46101 11.66101 11.86101 11.96101 12.56101 11.36101 10.76101 9.361006 7.061006 3.461006 -4.638994 -14.139 -23.139 -28.73899 -28.73899 -28.939 -29.53899
1.261006 1.061006 1.061006 .8610055 .2610054 -1.138994 -1.338995 .4610057 2.661005 3.361006 4.361006 6.261005 7.061006 5.961006 5.061006 4.161005 2.861006 1.161005 .1610055 -.7389946 -1.638994 -1.038994 2.261006 5.461006 7.661005 6.461006 3.561006 6.100559E-02 -5.538995 -10.23899 -11.23899 -11.83899 -13.53899 -14.73899 -14.639 -13.43899 -12.83899 -10.43899 -5.938994 -2.238995 6.100559E-02 2.461006 6.361006 9.361006 11.76101 14.36101 15.56101 14.96101 13.96101 14.36101 15.06101 14.56101 13.06101 11.26101 4.761005 -10.23899 -19.53899 -18.939 -17.83899 -16.639 -15.639
3.861006 3.561006 3.361006 2.761006 1.661005 -.6389942 -3.538995 -3.638994 -2.238995 -2.438994 -2.838995 -1.438994 2.161005 4.561006 6.161005 7.161005 7.461006 6.261005 5.061006 3.261006 1.561006 2.361006 4.161005 5.661005 7.061006 6.861006 4.361006 .2610054 -5.238995 -10.73899 -13.93899 -14.53899 -15.139 -16.139 -16.53899 -15.33899 -13.23899 -11.23899 -9.238995 -5.338994 -1.038994 1.761006 4.061006 5.961006 7.861006 9.661005 10.16101 11.36101 11.76101 11.66101 10.26101 8.161005 5.161005 -.6389942 -7.638994 -11.639 -12.639 -12.139 -9.838994 -8.738995 -8.538995
-.7389946 -.9389944 -.9389944 -.1389942 .6610055 6.100559E-02 -3.138994 -7.638994 -9.038995 -9.438994 -9.638994 -8.038995 -4.038995 6.100559E-02 4.161005 7.161005 8.261005 7.961006 7.661005 6.461006 4.461006 3.161005 3.161005 4.661005 7.461006 7.961006 7.161005 5.261005 .3610058 -6.438994 -11.03899 -13.639 -15.93899 -17.03899 -16.33899 -15.03899 -14.53899 -12.73899 -9.138994 -5.538995 -2.638994 -.9389944 1.461006 2.961006 3.561006 4.261005 6.861006 9.661005 11.26101 12.76101 14.56101 14.66101 12.26101 7.661005 -.6389942 -9.738995 -13.83899 -15.139 -16.439 -16.439 -14.33899
-17.83899 -15.139 -9.138994 -3.938994 -3.638994 -8.038995 -12.43899 -14.139 -15.139 -16.73899 -17.639 -15.639 -10.43899 -3.238995 3.461006 6.861006 7.561006 7.561006 7.761005 7.761005 7.561006 7.761005 8.661005 9.661005 8.561006 5.061006 -.4389944 -7.038995 -12.93899 -15.03899 -15.83899 -16.53899 -16.33899 -14.33899 -11.53899 -9.038995 -6.138994 -2.338995 1.861006 3.961006 5.161005 5.061006 5.161005 4.561006 2.161005 -.7389946 -1.738995 .3610058 4.161005 6.461006 8.661005 12.16101 16.26101 18.36101 16.36101 10.76101 1.661005 -6.938994 -12.73899 -15.73899 -19.33899
2.869202 3.069202 3.869202 4.669202 4.569202 3.569202 6.920195E-02 -4.830798 -9.630798 -14.8308 -19.2308 -22.3308 -21.8308 -16.3308 -8.130798 -.530798 5.269202 8.269202 9.569202 9.269201 8.969202 8.869202 8.969202 9.269201 9.069202 7.669202 5.669202 2.569202 -2.130798 -7.230798 -10.8308 -12.4308 -12.6308 -12.0308 -10.3308 -7.830798 -5.630798 -3.430798 -.530798 3.069202 6.869202 9.769201 11.7692 12.0692 8.769202 5.069202 3.269202 3.269202 4.869202 7.669202 10.3692 12.1692 13.0692 12.1692 9.269201 5.769202 2.769202 -.530798 -4.330798 -8.430798 -10.6308
-.6307979 -.3307981 .5692019 2.669202 4.469202 4.669202 1.169202 -4.830798 -10.9308 -17.4308 -23.9308 -25.9308 -22.7308 -16.9308 -8.330797 1.969202 8.969202 11.0692 10.9692 10.4692 10.1692 10.4692 10.6692 10.0692 8.969202 6.969202 4.469202 .5692019 -3.830798 -7.630798 -10.4308 -12.2308 -12.2308 -10.6308 -8.030798 -5.630798 -3.530798 -1.530798 1.869202 7.069202 10.8692 12.3692 11.9692 9.069202 5.969202 3.769202 2.869202 3.269202 5.069202 7.769202 11.0692 14.2692 16.7692 16.2692 13.3692 10.6692 8.469202 6.269202 3.969202 .2692018 -3.630798
-.9307981 .5692019 2.969202 5.669202 7.469202 5.869202 1.469202 -5.530798 -12.1308 -16.9308 -20.3308 -23.1308 -23.9308 -21.8308 -18.2308 -13.3308 -5.930798 3.469202 11.8692 15.1692 15.6692 15.5692 15.3692 14.6692 13.6692 11.7692 9.769201 6.869202 3.869202 .6692019 -2.130798 -4.130798 -5.230798 -5.030798 -3.730798 -1.830798 -.2307982 .6692019 .969202 1.169202 2.069202 2.969202 3.769202 4.869202 5.469202 5.969202 5.969202 5.769202 5.769202 5.469202 5.869202 6.969202 9.069202 12.4692 15.7692 16.1692 14.5692 12.1692 10.1692 7.669202 4.269202
9.869202 9.669202 9.969202 10.4692 11.2692 12.1692 12.1692 10.1692 6.069202 -.3307981 -7.030798 -12.8308 -16.0308 -16.0308 -13.5308 -8.630798 -1.330798 6.369202 11.6692 13.9692 14.8692 15.3692 15.6692 15.2692 14.0692 12.2692 10.4692 7.869202 4.569202 1.969202 6.920195E-02 -1.130798 -1.030798 -.1307979 .469202 .469202 6.920195E-02 -1.730798 -4.830798 -6.830798 -7.730798 -7.930798 -7.330798 -5.430798 -3.330798 -.8307981 2.369202 5.769202 8.369202 9.969202 11.6692 14.2692 16.9692 18.9692 19.2692 18.7692 17.9692 16.6692 14.4692 11.6692 8.269202
16.1692 15.9692 15.9692 16.1692 16.4692 15.7692 13.4692 7.669202 .5692019 -5.930798 -10.4308 -14.0308 -14.3308 -10.3308 -4.530798 2.369202 10.0692 13.8692 14.3692 13.6692 12.8692 11.9692 10.6692 9.469202 8.469202 7.069202 5.169202 3.169202 1.469202 .469202 6.920195E-02 .2692018 .5692019 -3.079796E-02 -1.330798 -3.330798 -6.430798 -9.230799 -10.8308 -11.6308 -12.0308 -11.8308 -10.6308 -9.430798 -6.730798 -2.230798 2.269202 5.969202 8.869202 11.2692 14.4692 17.2692 18.9692 19.2692 18.9692 18.2692 17.6692 15.9692 14.2692 11.8692 8.369202
8.369202 8.369202 8.369202 8.569202 9.069202 9.669202 9.369202 7.569202 3.469202 -2.830798 -8.130798 -12.4308 -15.3308 -14.8308 -11.6308 -6.730798 .5692019 6.169202 8.969202 9.569202 8.469202 6.169202 4.169202 3.169202 3.669202 4.869202 6.669202 7.669202 6.869202 5.669202 4.169202 2.269202 -.4307981 -4.230798 -8.730799 -13.4308 -16.3308 -16.4308 -15.5308 -15.0308 -14.5308 -13.9308 -12.6308 -10.6308 -8.330797 -5.130798 -.7307982 3.669202 7.469202 10.8692 14.1692 15.8692 16.7692 16.4692 15.8692 15.1692 14.8692 14.8692 15.5692 17.2692 20.4692
-.4307981 -.530798 -.8307981 -1.930798 -3.030798 -3.530798 -3.330798 -3.530798 -6.030798 -11.7308 -17.4308 -21.3308 -23.4308 -23.4308 -20.4308 -15.1308 -9.430798 -3.930798 .8692021 2.769202 2.269202 1.169202 -.3307981 -1.430798 -.530798 1.769202 4.669202 7.769202 9.769201 9.969202 9.369202 8.369202 7.669202 6.069202 3.069202 -1.430798 -6.830798 -12.8308 -17.6308 -18.9308 -18.0308 -17.7308 -17.9308 -18.1308 -17.6308 -16.1308 -14.0308 -11.2308 -6.830798 -1.630798 3.269202 6.769202 9.269201 10.3692 9.469202 7.869202 6.969202 6.369202 6.869202 9.369202 12.5692
-9.130798 -11.0308 -12.0308 -11.2308 -9.630798 -7.930798 -6.630798 -6.730798 -8.230799 -11.0308 -14.7308 -18.7308 -20.0308 -17.7308 -15.4308 -13.3308 -9.930798 -6.530798 -4.330798 -3.030798 -2.630798 -3.530798 -3.830798 -2.530798 6.920195E-02 3.469202 7.369202 9.569202 9.969202 9.869202 9.669202 9.069202 8.169202 6.069202 3.169202 -1.530798 -7.530798 -11.7308 -14.3308 -16.3308 -17.9308 -18.5308 -17.6308 -15.9308 -13.2308 -9.730799 -6.330798 -3.530798 -1.030798 .5692019 1.969202 2.669202 2.569202 1.769202 .6692019 -.3307981 -.3307981 .469202 2.069202 4.069202 6.169202
-10.2308 -11.3308 -12.9308 -12.8308 -9.830797 -6.030798 -4.230798 -4.430798 -5.230798 -6.730798 -8.130798 -9.330797 -9.930798 -9.930798 -9.830797 -9.530798 -8.630798 -8.330797 -7.530798 -6.730798 -6.830798 -7.830798 -7.630798 -4.930798 -1.030798 2.869202 6.669202 9.569202 10.3692 9.869202 9.369202 9.069202 8.269202 5.569202 2.169202 -1.930798 -6.630798 -10.9308 -13.4308 -14.4308 -14.9308 -15.6308 -14.8308 -11.7308 -8.230799 -4.730798 -2.230798 -.9307981 -.4307981 -.1307979 .7692018 1.669202 2.069202 1.969202 1.969202 2.169202 2.369202 2.369202 3.069202 4.369202 5.269202
4.569202 3.569202 2.869202 3.069202 3.569202 3.469202 2.069202 -.6307979 -2.730798 -3.630798 -3.630798 -3.530798 -3.730798 -4.630798 -6.430798 -8.730799 -10.3308 -11.1308 -11.3308 -10.2308 -9.030798 -9.230799 -10.3308 -10.3308 -7.730798 -4.730798 -1.130798 3.169202 6.769202 8.669202 9.169202 9.669202 10.3692 10.7692 11.4692 10.8692 9.469202 6.369202 1.369202 -3.230798 -5.930798 -7.630798 -8.430798 -7.430798 -4.630798 -1.330798 1.269202 2.969202 3.969202 3.869202 3.669202 4.169202 5.169202 5.869202 6.269202 6.269202 5.969202 5.369202 5.069202 4.969202 5.169202
9.969202 9.769201 9.269201 8.469202 7.369202 5.869202 4.269202 3.069202 2.069202 1.369202 1.669202 1.769202 .7692018 -2.830798 -7.730798 -11.5308 -14.0308 -16.0308 -15.3308 -12.9308 -11.8308 -11.0308 -10.5308 -11.8308 -13.8308 -14.3308 -13.3308 -11.0308 -6.530798 -.3307981 4.769202 7.769202 9.769201 10.9692 12.2692 12.7692 12.5692 11.9692 10.4692 7.369202 4.169202 1.169202 -1.130798 -2.930798 -3.030798 -1.530798 .5692019 2.969202 5.169202 6.769202 7.969202 8.569202 9.069202 9.469202 9.669202 9.069202 7.569202 5.669202 4.469202 3.269202 2.569202
8.769202 7.569202 6.069202 4.369202 2.469202 1.269202 .6692019 .469202 .8692021 1.169202 .7692018 -2.730798 -7.330798 -11.4308 -15.8308 -19.9308 -17.9308 -12.3308 -8.430798 -8.230799 -9.930798 -10.7308 -11.9308 -14.4308 -16.9308 -17.6308 -14.5308 -10.2308 -5.630798 -.1307979 4.969202 7.669202 9.269201 10.4692 12.2692 14.9692 17.3692 18.1692 17.5692 16.3692 14.3692 11.4692 9.169202 7.769202 6.769202 6.369202 6.769202 7.769202 9.269201 10.5692 11.7692 12.2692 12.2692 12.1692 11.7692 10.2692 7.469202 3.969202 .469202 -3.030798 -6.430798
3.869202 3.669202 3.169202 2.369202 1.269202 -.1307979 -1.530798 -2.830798 -4.230798 -6.130798 -7.630798 -9.030798 -9.630798 -8.530798 -7.530798 -7.930798 -8.330797 -9.030798 -8.630798 -7.530798 -8.130798 -9.130798 -10.3308 -10.6308 -12.0308 -14.4308 -15.8308 -13.6308 -8.830797 -3.330798 1.869202 5.769202 8.569202 9.969202 11.8692 14.3692 17.1692 18.6692 17.4692 16.4692 15.7692 14.4692 12.9692 11.5692 11.1692 11.7692 12.8692 12.9692 12.1692 11.1692 10.7692 11.1692 11.7692 11.3692 9.669202 5.869202 .469202 -4.730798 -8.930798 -12.5308 -14.9308
.469202 -.530798 -1.830798 -3.830798 -6.730798 -10.3308 -13.5308 -13.3308 -10.2308 -8.730799 -8.030798 -8.030798 -8.530798 -8.230799 -6.430798 -5.730798 -5.330798 -4.530798 -3.730798 -3.930798 -4.530798 -5.330798 -6.530798 -8.630798 -10.5308 -11.8308 -11.1308 -8.930798 -6.330798 -3.730798 -.9307981 2.169202 5.169202 7.169202 9.269201 12.3692 16.1692 17.9692 17.5692 16.2692 13.6692 10.4692 8.469202 7.769202 8.869202 10.3692 9.869202 8.569202 7.469202 5.969202 4.269202 3.269202 3.569202 3.769202 2.769202 -.9307981 -6.130798 -10.8308 -14.7308 -17.5308 -17.2308
