data/closos/closos_2.grd
DSAA
121 241
0 30
0 30
-21.799052083333 41.62625
[rows 92 to 114 of 241, columns 0 to 51 of 121]
-0.7925 -2.7039375 -1.5670416666667 -2.507875 -1.8848333333333 -2.6890625 -3.192875 -5.0937708333333 -4.398 -4.2683125 -2.64 -1.2367291666667 -0.39675 13.663833333333 1.1055 -1.114375 1.366 2.1906041666667 1.151125 -1.3238125 -3.8233333333333 -3.812625 -3.201875 -2.1069166666667 -1.385 0.126875 1.3306666666667 1.109125 1.0254166666667 0.77647916666667 0.8425 0.6421875 0.1315 -0.4303125 -2.267375 -3.145 -1.34775 -0.1716875 -4.0477083333334 -9.36925 1.70141E+038 1.70141E+038 1.70141E+038 1.70141E+038 1.70141E+038 1.70141E+038 1.70141E+038 1.70141E+038 1.70141E+038 1.70141E+038 1.70141E+038 1.70141E+038
-1.075625 -5.34475 -3.4698854166667 -3.695875 -2.2265208333333 -3.21421875 -4.6071875 -6.7344895833333 -5.421625 -4.8863125 -2.78015625 -2.0786666666667 -1.5549375 9.3474114583333 -0.11159374999999 -1.322265625 1.8655 2.4649791666667 2.0035 -0.43107812500001 -2.8033333333333 -3.0800625 -2.94203125 -0.67716666666667 -1.43675 0.320234375 2.0170416666667 1.87 2.2342916666667 1.6648854166667 1.65390625 2.0495 1.1155 -0.166265625 -2.16228125 -3.2890625 -1.979625 -0.348078125 -2.5530520833333 -7.28875 1.70141E+038 1.70141E+038 1.70141E+038 1.70141E+038 1.70141E+038 1.70141E+038 1.70141E+038 1.70141E+038 1.70141E+038 1.70141E+038 1.70141E+038 1.70141E+038
-0.82625 -6.2841354166667 -5.3503541666667 -4.19421875 -2.530125 -3.0906770833333 -5.58275 -7.87009375 -6.3400833333333 -5.16790625 -3.0578125 -2.9168958333333 -2.79975 5.0581875 -1.5180625 -1.53140625 1.9735833333333 2.0288229166667 2.6909375 0.38778124999999 -1.22625 -1.97725 -1.9313125 1.4805625 -0.91075 0.93442708333334 2.6620416666667 2.83609375 3.3404166666667 2.9530104166667 2.9340625 3.5601145833333 2.3254166666667 0.53046875 -1.2084583333333 -2.26546875 -2.04825 -0.50317708333333 -1.2436041666667 -3.71321875 1.70141E+038 1.70141E+038 1.70141E+038 1.70141E+038 1.70141E+038 1.70141E+038 1.70141E+038 1.70141E+038 1.70141E+038 1.70141E+038 1.70141E+038 1.70141E+038
-0.25625 -6.5285416666667 -6.3200520833333 -3.9878125 -2.46 -2.6369791666667 -5.900625 -8.06703125 -6.764375 -4.881875 -3.80078125 -3.97109375 -3.74375 3.297890625 -2.2928125 -1.7765625 1.7202083333333 1.0908333333333 2.5234375 0.97875 0.30625 -0.411640625 -0.23864583333333 3.893125 0.26375 2.2377604166667 3.79375 3.708671875 4.2311458333333 4.1596875 4.02421875 4.5323697916667 3.1825 1.254296875 0.10057291666666 -0.203125 -0.89 0.27101562500001 0.18104166666666 0.110625 1.70141E+038 1.70141E+038 1.70141E+038 1.70141E+038 1.70141E+038 1.70141E+038 1.70141E+038 1.70141E+038 1.70141E+038 1.70141E+038 1.70141E+038 1.70141E+038
-1.01 -7.0889166666667 -6.5008333333333 -3.26275 -1.817 -1.7891666666667 -4.944 -6.579 -6.026 -3.9635 -4.7075 -4.81725 -3.983 -2.071 -3.44 -2.0925 1.2673333333333 0.16208333333333 1.8295 1.38725 2.115 1.7785 2.3641666666667 5.69675 1.874 4.4666666666667 5.6615 4.7125 5.0333333333333 5.60675 4.98 5.3826666666667 3.872 1.993 0.43066666666666 1.70141E+038 0.805 2.229 2.2111666666667 3.546 1.70141E+038 1.70141E+038 1.70141E+038 1.70141E+038 1.70141E+038 1.70141E+038 1.70141E+038 1.70141E+038 1.70141E+038 1.70141E+038 1.70141E+038 1.70141E+038
-2.440625 -7.8693802083333 -7.0508958333333 -2.6755625 -1.2968125 -1.0818229166667 -2.6810625 -3.3365104166667 -4.2299583333333 -3.165640625 -5.3213541666667 -5.525625 -4.7060625 -6.2356041666667 -5.0451145833333 -3.208671875 0.070041666666667 -1.0159947916667 0.5305625 1.4542239583333 3.3129166666667 3.977953125 4.78 6.1383020833333 3.21975 5.79484375 7.399875 5.474140625 4.785625 6.0998385416667 5.5665625 5.5829427083333 4.0055416666667 2.02728125 0.42801041666666 1.70141E+038 2.4815 3.9025052083333 3.7667604166667 5.015859375 1.70141E+038 1.70141E+038 1.70141E+038 1.70141E+038 1.70141E+038 1.70141E+038 1.70141E+038 1.70141E+038 1.70141E+038 1.70141E+038 1.70141E+038 1.70141E+038
-3.4875 -7.2583125 -7.1031666666667 -1.92275 -0.79070833333333 -0.13932291666667 0.14875 0.19310416666666 -2.0741666666667 -2.28596875 -4.9173958333333 -5.39809375 -4.852125 -6.7504166666667 -5.8591875 -4.358125 -1.1316666666667 -1.9052916666667 -0.325 1.3450833333333 3.5072916666667 5.25309375 5.9151041666667 6.0361354166667 4.638 6.3465625 7.9501666666667 5.8586875 4.3325 5.7887916666667 5.8246875 5.6225520833333 4.25 2.2488125 0.47529166666666 1.70141E+038 3.219125 4.2615625 4.2017916666667 4.93478125 1.70141E+038 1.70141E+038 1.70141E+038 1.70141E+038 1.70141E+038 1.70141E+038 1.70141E+038 1.70141E+038 1.70141E+038 1.70141E+038 1.70141E+038 1.70141E+038
-3.9525 -5.7746875 -6.5582291666667 -0.876640625 0.065666666666668 0.67950520833333 2.5195 2.4602135416667 -0.71629166666667 -1.61659375 -4.2488020833333 -4.515484375 -4.296 -6.0757604166667 -6.3248125 -5.3246875 -2.3770416666667 -2.5421666666667 -0.78071875 1.1266770833333 3.1935416666667 5.250609375 5.9385416666667 5.4324010416667 5.4345 6.5321875 7.6324166666667 5.7300625 3.8540625 5.1485885416667 5.69578125 5.5604739583333 4.90275 2.839296875 0.60651041666666 1.70141E+038 3.3516875 3.8855 3.9811041666667 4.878859375 1.70141E+038 1.70141E+038 1.70141E+038 1.70141E+038 1.70141E+038 1.70141E+038 1.70141E+038 1.70141E+038 1.70141E+038 1.70141E+038 1.70141E+038 1.70141E+038
-3.9125 -4.0240625 -5.2541666666667 0.2215625 0.96666666666667 1.6463541666667 4.0025 3.6070833333333 -0.26333333333333 -1.2775 -3.3427083333333 -3.3660416666667 -3.40625 -4.6496875 -6.4452083333333 -6.0828125 -3.4541666666667 -3.0517708333333 -1.105625 0.54208333333334 2.4645833333333 4.676875 5.5445833333333 4.3667708333333 5.3625 6.3604166666667 7.3208333333333 5.580625 3.575 4.8058333333333 5.478125 5.5713541666667 6.0366666666667 3.9978125 0.89604166666666 1.70141E+038 3.54375 4.0336458333333 4.4804166666667 5.575 1.70141E+038 1.70141E+038 1.70141E+038 1.70141E+038 1.70141E+038 1.70141E+038 1.70141E+038 1.70141E+038 1.70141E+038 1.70141E+038 1.70141E+038 1.70141E+038
-3.639375 -1.6448854166667 -3.4190208333333 1.587109375 2.1282916666667 2.8965885416667 4.72665625 4.25625 -0.34741666666667 -1.011953125 -2.3272916666667 -2.0259739583333 -2.3865 -3.3580260416667 -5.9395416666667 -6.120703125 -4.0384166666667 -3.262578125 -1.231875 -0.20933333333333 1.44 4.000234375 5.1106458333333 3.386765625 4.592875 5.4320052083333 6.872125 5.503859375 3.5433333333333 4.5706927083333 5.38484375 5.3808697916667 7.1365 4.91265625 1.0826875 1.70141E+038 4.1173125 5.1448177083333 5.9510104166667 6.80003125 1.70141E+038 1.70141E+038 1.70141E+038 1.70141E+038 1.70141E+038 1.70141E+038 1.70141E+038 1.70141E+038 1.70141E+038 1.70141E+038 1.70141E+038 1.70141E+038
-2.82375 0.31239583333333 -1.4447708333333 3.07703125 3.4970416666667 4.1088541666667 5.2714375 4.6038125 -0.42991666666667 -1.06375 -1.8035416666667 -0.86617708333333 -1.05975 -1.7534479166667 -4.8525416666667 -5.54109375 -4.0376666666667 -3.4330625 -1.270875 -1.3997395833333 0.006249999999997 2.68740625 4.0571458333333 2.24153125 3.307 4.2931770833333 5.86125 5.01415625 3.3967083333333 4.3891770833333 5.2671875 5.0095416666667 8.0505 5.54715625 1.1783125 1.70141E+038 5.04525 6.8737708333333 7.7098541666667 7.9705 1.70141E+038 1.70141E+038 1.70141E+038 1.70141E+038 1.70141E+038 1.70141E+038 1.70141E+038 1.70141E+038 1.70141E+038 1.70141E+038 1.70141E+038 1.70141E+038
-1.6725 1.09053125 1.5328958333333 4.52228125 4.9715208333333 5.7234895833333 5.90584375 5.1604166666667 -0.6455 -1.80959375 -2.11984375 -0.74139583333333 0.2859375 -0.316140625 -3.4929166666667 -4.850625 -3.9581666666667 -3.60365625 -1.51903125 -2.622953125 -1.4701041666667 1.137484375 2.8080416666667 1.19009375 2.19525 3.2592447916667 4.7866770833333 4.327421875 3.1221666666667 4.4534791666667 5.22859375 4.8058697916667 9.6346666666667 6.81590625 1.4326041666667 1.70141E+038 6.6784375 9.1455104166667 9.51646875 8.92203125 1.70141E+038 1.70141E+038 1.70141E+038 1.70141E+038 1.70141E+038 1.70141E+038 1.70141E+038 1.70141E+038 1.70141E+038 1.70141E+038 1.70141E+038 1.70141E+038
-0.31 1.4402916666667 3.7461666666667 6.01775 6.626 7.3302083333333 7.11775 5.9514583333333 -1.0313333333333 -3.065125 -2.98375 -1.35725 0.956 0.70904166666667 -1.7659166666667 -3.87875 -3.6236666666667 -3.6651666666667 -2.0785 -3.751875 -2.9158333333333 -0.365 1.6970833333333 0.80920833333333 1.547 2.4502083333333 3.8185 3.704375 3.1763333333333 4.9811666666667 5.62875 5.4990833333333 13.036333333333 10.024 2.2199166666667 1.70141E+038 8.953 12.02225 11.693666666667 10.238625 1.70141E+038 1.70141E+038 1.70141E+038 1.70141E+038 1.70141E+038 1.70141E+038 1.70141E+038 1.70141E+038 1.70141E+038 1.70141E+038 1.70141E+038 1.70141E+038
-0.015625 1.3200260416667 4.3857291666667 6.74703125 7.7125 7.6868489583333 7.63984375 6.2544270833333 -1.6333333333333 -4.1678125 -4.3625 -2.730625 0.685625 1.0524479166667 -0.57276041666667 -3.0078125 -3.6229166666667 -3.9852604166667 -3.08125 -5.07453125 -4.4552083333333 -2.009609375 0.23677083333333 0.38934895833333 0.88625 1.5915364583333 2.98171875 2.80671875 2.9317708333333 4.8593229166667 5.8265625 6.3795833333333 17.058333333333 13.35203125 2.9732291666666 1.70141E+038 10.96375 14.8325 13.586979166667 11.173125 1.70141E+038 1.70141E+038 1.70141E+038 1.70141E+038 1.70141E+038 1.70141E+038 1.70141E+038 1.70141E+038 1.70141E+038 1.70141E+038 1.70141E+038 1.70141E+038
0.25125 1.5404166666667 4.3685 6.429625 7.9336666666667 7.7118229166667 7.7795625 6.7655729166667 -1.3871666666667 -4.61975 -5.0034375 -3.9162604166667 -0.0081249999999975 0.801625 -0.061083333333333 -2.23640625 -3.544 -4.1871041666667 -4.129375 -6.011375 -5.4397916666667 -3.302625 -0.8185 0.107 0.56225 1.2029166666667 2.7332916666667 2.24921875 2.5734583333333 4.3147083333333 5.8290625 7.3078125 20.424666666667 15.277 3.2781666666666 1.70141E+038 12.79425 17.62128125 14.987479166667 11.97959375 1.70141E+038 1.70141E+038 1.70141E+038 1.70141E+038 1.70141E+038 1.70141E+038 1.70141E+038 1.70141E+038 1.70141E+038 1.70141E+038 1.70141E+038 1.70141E+038
0.881875 2.088609375 4.27990625 6.10478125 7.6169375 7.618984375 8.10671875 7.4256614583333 -0.89329166666667 -4.951390625 -5.4158333333333 -4.8863645833333 -0.662 0.17296354166667 0.23082291666667 -1.63453125 -3.60425 -4.5239479166667 -5.12709375 -7.0660416666667 -6.3591666666667 -4.38778125 -1.8910416666667 -0.37819270833333 0.4535 1.088359375 2.6919895833333 1.78346875 2.2057708333333 3.7151458333333 5.4925 8.3211770833333 25.126208333333 18.6173125 3.95090625 1.70141E+038 14.1955625 19.771864583333 15.756114583333 12.44665625 1.70141E+038 1.70141E+038 1.70141E+038 1.70141E+038 1.70141E+038 1.70141E+038 1.70141E+038 1.70141E+038 1.70141E+038 1.70141E+038 1.70141E+038 1.70141E+038
1.7425 2.6870625 4.4355 5.737375 7.0605 7.5003125 8.322625 7.7058333333333 -0.17966666666667 -4.8816875 -5.8545833333333 -5.6082083333333 -1.42175 -0.75045833333333 0.54479166666667 -1.1971875 -3.6475 -4.6691666666667 -5.868375 -7.9811041666667 -7.4654166666667 -5.6255625 -3.0144166666667 -0.90902083333333 0.374 1.1403125 2.7062083333333 1.1935 1.7363333333333 3.0330833333333 4.765 9.1819583333333 31.181833333333 29.2121875 7.2589999999999 1.70141E+038 14.82425 20.864520833333 15.847708333333 12.2695625 1.70141E+038 1.70141E+038 1.70141E+038 1.70141E+038 1.70141E+038 1.70141E+038 1.70141E+038 1.70141E+038 1.70141E+038 1.70141E+038 1.70141E+038 1.70141E+038
2.06375 2.6314791666667 4.3079166666667 5.107109375 6.3043958333333 7.216484375 8.03159375 7.4133333333333 0.69566666666667 -4.111984375 -5.4216145833333 -5.6080989583333 -2.1413125 -2.1607083333333 0.23186458333333 -1.51390625 -3.7079166666667 -4.4055625 -6.42803125 -8.1576666666667 -7.9259375 -6.650328125 -4.3145520833333 -1.156015625 0.310875 1.2667447916667 2.9378854166667 0.75954687499999 0.84489583333333 1.5126666666667 3.4378125 8.9310885416667 30.862041666667 38.2295625 10.833072916667 1.70141E+038 14.8526875 20.884828125 14.952260416667 10.989375 1.70141E+038 1.70141E+038 1.70141E+038 1.70141E+038 1.70141E+038 1.70141E+038 1.70141E+038 1.70141E+038 1.70141E+038 1.70141E+038 1.70141E+038 1.70141E+038
0.39375 2.17875 3.3061458333333 4.08671875 5.4233333333333 6.5049479166667 7.464375 6.8533333333333 1.5858333333333 -2.75921875 -4.3875 -4.76171875 -2.846875 -3.4560416666667 -0.83447916666667 -2.36171875 -3.5358333333333 -3.739375 -6.3584375 -7.260625 -7.5364583333333 -6.9046875 -5.1853125 -1.2644791666667 0.05625 1.4169270833333 3.1047916666667 0.20203124999999 -0.10791666666667 -0.34854166666667 1.63125 7.1397916666667 24.52875 41.62625 13.017395833333 1.70141E+038 14.27125 19.98546875 13.306041666667 9.01125 1.70141E+038 1.70141E+038 1.70141E+038 1.70141E+038 1.70141E+038 1.70141E+038 1.70141E+038 1.70141E+038 1.70141E+038 1.70141E+038 1.70141E+038 1.70141E+038
1.70141E+038 1.28296875 2.5149270833333 3.47284375 4.6943333333333 5.9443229166667 6.87028125 6.1811614583333 2.1672083333333 -1.404625 -3.56359375 -4.081359375 -3.802375 -4.5153854166667 -2.4376666666667 -3.071640625 -3.2675833333333 -3.0006875 -5.46940625 -5.690609375 -6.3852083333333 -6.553640625 -5.4831875 -1.2628541666667 0.016125 1.5734895833333 3.2929166666667 -0.18614062500001 -1.0606666666667 -2.2660885416667 -0.3778125 4.6557916666667 17.808 38.939328125 21.052864583333 10.249453125 15.5993125 17.9118125 11.308104166667 7.059421875 1.70141E+038 1.70141E+038 1.70141E+038 1.70141E+038 1.70141E+038 1.70141E+038 1.70141E+038 1.70141E+038 1.70141E+038 1.70141E+038 1.70141E+038 1.70141E+038
1.70141E+038 0.21816666666667 2.285 3.607 4.4906666666667 5.7658333333333 6.295 5.416 2.672 -0.221 -2.6766666666667 -3.2433333333333 -4.504 -4.9966666666667 -3.715 -3.33 -2.6586666666667 -1.942 -3.965 -3.936 -5.0933333333333 -5.703 -4.9306666666667 -1.345 0.1 1.8275 3.4463333333333 -0.35850000000001 -1.836 -3.9068333333333 -2.215 2.1793333333333 11.961333333333 30.836 19.863666666667 12.125833333333 13.982 15.209 9.7576666666666 6.073 1.70141E+038 1.70141E+038 1.70141E+038 1.70141E+038 1.70141E+038 1.70141E+038 1.70141E+038 1.70141E+038 1.70141E+038 1.70141E+038 1.70141E+038 1.70141E+038
1.70141E+038 1.70141E+038 1.9494583333333 3.3475 4.0791041666667 5.1207552083333 5.01715625 4.142453125 2.3288333333333 0.34734375 -2.0947916666667 -3.026953125 -5.1300625 -5.3400208333333 -4.4001354166667 -3.283125 -1.8797083333333 -1.2714791666667 -2.90578125 -2.7854166666667 -4.3703125 -4.98465625 -3.9684166666667 -2.2259010416667 -0.515 1.5955989583333 3.4855833333333 -0.61320312500001 -2.6051041666667 -5.1784791666667 -4.38078125 -0.55452604166667 6.771875 21.149296875 15.34659375 10.705859375 11.2119375 12.197114583333 8.5241145833333 5.656078125 1.70141E+038 1.70141E+038 1.70141E+038 1.70141E+038 1.70141E+038 1.70141E+038 1.70141E+038 1.70141E+038 1.70141E+038 1.70141E+038 1.70141E+038 1.70141E+038
1.70141E+038 1.70141E+038 1.5585833333333 2.71965625 3.5015416666667 4.4103645833333 3.6400625 2.75 1.3313333333333 0.37003125 -1.7029166666667 -3.27475 -5.43325 -5.0065833333333 -4.1832916666667 -2.8096875 -0.96783333333333 -0.77472916666667 -2.0653125 -1.7378541666667 -3.38375 -4.1111875 -2.8549791666667 -3.0955729166667 -1.64075 1.0745833333333 3.7285208333333 -0.64493750000001 -3.3284166666667 -6.0159791666667 -5.9328125 -2.8639166666667 2.444 13.10334375 11.1871875 8.92140625 8.73 9.5435208333333 7.6548958333333 5.5875 1.70141E+038 1.70141E+038 1.70141E+038 1.70141E+038 1.70141E+038 1.70141E+038 1.70141E+038 1.70141E+038 1.70141E+038 1.70141E+038 1.70141E+038 1.70141E+038
